1305031453.359684 rgb/1305031453.359684.png 1305031453.374112 depth/1305031453.374112.png 1305031453.360815 0.443035 6.501845 -8.381752
1305031453.391690 rgb/1305031453.391690.png 1305031453.404816 depth/1305031453.404816.png 1305031453.390823 0.287374 6.477897 -7.615421
1305031453.423683 rgb/1305031453.423683.png 1305031453.436941 depth/1305031453.436941.png 1305031453.421966 0.466983 6.861063 -7.423838
1305031453.459685 rgb/1305031453.459685.png 1305031453.473352 depth/1305031453.473352.png 1305031453.460940 0.910019 6.669480 -8.142274
1305031453.491698 rgb/1305031453.491698.png 1305031453.505218 depth/1305031453.505218.png 1305031453.490818 1.257263 6.477897 -8.094378
1305031453.523684 rgb/1305031453.523684.png 1305031453.538301 depth/1305031453.538301.png 1305031453.521972 1.257263 6.489871 -7.783056
1305031453.559753 rgb/1305031453.559753.png 1305031453.574074 depth/1305031453.574074.png 1305031453.560817 1.820038 6.861063 -6.849089
1305031453.591640 rgb/1305031453.591640.png 1305031453.605314 depth/1305031453.605314.png 1305031453.591115 2.490578 6.286314 -7.807003
1305031453.627706 rgb/1305031453.627706.png 1305031453.636951 depth/1305031453.636951.png 1305031453.626605 2.310969 5.998940 -7.040672
1305031453.659600 rgb/1305031453.659600.png 1305031453.673185 depth/1305031453.673185.png 1305031453.660944 2.011621 7.435812 -5.867226
1305031453.691678 rgb/1305031453.691678.png 1305031453.705487 depth/1305031453.705487.png 1305031453.690977 1.975699 6.669480 -5.939070
1305031453.727652 rgb/1305031453.727652.png 1305031453.736856 depth/1305031453.736856.png 1305031453.726604 1.245289 7.435812 -6.465923
1305031453.759694 rgb/1305031453.759694.png 1305031453.773786 depth/1305031453.773786.png 1305031453.760939 1.448846 8.489518 -4.166928
1305031453.791716 rgb/1305031453.791716.png 1305031453.805041 depth/1305031453.805041.png 1305031453.790812 1.628455 7.914769 -5.316426
1305031453.827773 rgb/1305031453.827773.png 1305031453.840352 depth/1305031453.840352.png 1305031453.826621 1.053706 8.393726 -5.508009
1305031453.859705 rgb/1305031453.859705.png 1305031453.869618 depth/1305031453.869618.png 1305031453.859806 0.682514 8.872683 -4.933260
1305031453.891710 rgb/1305031453.891710.png 1305031453.905519 depth/1305031453.905519.png 1305031453.891924 1.257263 8.681100 -5.029051
1305031453.927723 rgb/1305031453.927723.png 1305031453.940012 depth/1305031453.940012.png 1305031453.926612 1.628455 7.052646 -3.975345
1305031453.959641 rgb/1305031453.959641.png 1305031453.972592 depth/1305031453.972592.png 1305031453.959816 0.957915 8.106352 -5.172738
1305031453.991624 rgb/1305031453.991624.png 1305031454.003179 depth/1305031454.003179.png 1305031453.991937 1.053706 7.723186 -5.124843
1305031454.027662 rgb/1305031454.027662.png 1305031454.040976 depth/1305031454.040976.png 1305031454.026629 1.448846 7.244229 -4.406407
1305031454.059654 rgb/1305031454.059654.png 1305031454.072690 depth/1305031454.072690.png 1305031454.060952 0.886071 7.986612 -5.891174
1305031454.091651 rgb/1305031454.091651.png 1305031454.104619 depth/1305031454.104619.png 1305031454.090946 0.478957 8.106352 -5.531956
1305031454.127701 rgb/1305031454.127701.png 1305031454.141030 depth/1305031454.141030.png 1305031454.126607 0.526853 8.393726 -5.220634
1305031454.159672 rgb/1305031454.159672.png 1305031454.172688 depth/1305031454.172688.png 1305031454.160826 0.574749 6.849089 -6.082757
1305031454.191658 rgb/1305031454.191658.png 1305031454.204626 depth/1305031454.204626.png 1305031454.190818 0.059870 6.861063 -6.465923
1305031454.227671 rgb/1305031454.227671.png 1305031454.240858 depth/1305031454.240858.png 1305031454.227011 -0.083818 9.351641 -3.687971
1305031454.259627 rgb/1305031454.259627.png 1305031454.273489 depth/1305031454.273489.png 1305031454.259711 0.526853 6.861063 -5.795383
1305031454.291639 rgb/1305031454.291639.png 1305031454.304744 depth/1305031454.304744.png 1305031454.292071 -0.263426 6.286314 -7.807003
1305031454.327699 rgb/1305031454.327699.png 1305031454.340806 depth/1305031454.340806.png 1305031454.329437 -0.574749 8.585309 -4.358511
1305031454.359636 rgb/1305031454.359636.png 1305031454.372652 depth/1305031454.372652.png 1305031454.360959 0.095791 6.669480 -6.465923
1305031454.391677 rgb/1305031454.391677.png 1305031454.401962 depth/1305031454.401962.png 1305031454.390947 -0.478957 6.477897 -7.088568
1305031454.427465 rgb/1305031454.427465.png 1305031454.437248 depth/1305031454.437248.png 1305031454.426868 0.011974 7.627394 -4.262720
1305031454.459913 rgb/1305031454.459913.png 1305031454.470741 depth/1305031454.470741.png 1305031454.459697 -0.658566 5.998940 -6.992776
1305031454.491617 rgb/1305031454.491617.png 1305031454.503859 depth/1305031454.503859.png 1305031454.491407 -1.412924 8.585309 -5.891174
1305031454.527700 rgb/1305031454.527700.png 1305031454.538424 depth/1305031454.538424.png 1305031454.527677 -1.053706 5.903148 -6.657506
1305031454.559575 rgb/1305031454.559575.png 1305031454.570323 depth/1305031454.570323.png 1305031454.560972 -2.107412 6.765271 -7.423838
1305031454.591635 rgb/1305031454.591635.png 1305031454.602019 depth/1305031454.602019.png 1305031454.590837 -2.287021 8.058456 -6.178549
1305031454.627580 rgb/1305031454.627580.png 1305031454.639284 depth/1305031454.639284.png 1305031454.626709 -1.520689 7.627394 -6.274340
1305031454.659528 rgb/1305031454.659528.png 1305031454.669573 depth/1305031454.669573.png 1305031454.660831 -1.436872 6.094731 -7.136463
1305031454.691884 rgb/1305031454.691884.png 1305031454.702030 depth/1305031454.702030.png 1305031454.691696 -1.245289 8.681100 -5.508009
1305031454.727659 rgb/1305031454.727659.png 1305031454.740764 depth/1305031454.740764.png 1305031454.727487 -0.287374 8.585309 -5.124843
1305031454.759732 rgb/1305031454.759732.png 1305031454.772865 depth/1305031454.772865.png 1305031454.759456 0.443035 6.861063 -6.274340
1305031454.791641 rgb/1305031454.791641.png 1305031454.802574 depth/1305031454.802574.png 1305031454.791572 0.778306 7.627394 -4.933260
1305031454.827570 rgb/1305031454.827570.png 1305031454.840500 depth/1305031454.840500.png 1305031454.827003 1.245289 7.579499 -5.460113
1305031454.859620 rgb/1305031454.859620.png 1305031454.870269 depth/1305031454.870269.png 1305031454.858059 1.544637 7.639368 -5.891174
1305031454.891764 rgb/1305031454.891764.png 1305031454.901065 depth/1305031454.901065.png 1305031454.891577 1.640429 7.244229 -6.226444
1305031454.927567 rgb/1305031454.927567.png 1305031454.940240 depth/1305031454.940240.png 1305031454.926967 1.820038 8.202143 -6.274340
1305031454.959648 rgb/1305031454.959648.png 1305031454.973081 depth/1305031454.973081.png 1305031454.960462 1.628455 6.765271 -6.849089
1305031454.991937 rgb/1305031454.991937.png 1305031455.010759 depth/1305031455.010759.png 1305031454.991697 2.011621 7.675290 -5.412217
1305031455.027799 rgb/1305031455.027799.png 1305031455.040446 depth/1305031455.040446.png 1305031455.029578 2.011621 7.675290 -6.082757
1305031455.059636 rgb/1305031455.059636.png 1305031455.074282 depth/1305031455.074282.png 1305031455.060579 1.448846 7.627394 -5.508009
1305031455.091700 rgb/1305031455.091700.png 1305031455.110340 depth/1305031455.110340.png 1305031455.091434 1.053706 9.064266 -5.220634
1305031455.127695 rgb/1305031455.127695.png 1305031455.142700 depth/1305031455.142700.png 1305031455.126960 0.862123 8.441622 -5.699591
1305031455.159720 rgb/1305031455.159720.png 1305031455.172771 depth/1305031455.172771.png 1305031455.159426 0.682514 8.393726 -6.082757
1305031455.191655 rgb/1305031455.191655.png 1305031455.210307 depth/1305031455.210307.png 1305031455.191551 0.478957 7.579499 -6.082757
1305031455.227581 rgb/1305031455.227581.png 1305031455.240960 depth/1305031455.240960.png 1305031455.227015 0.107765 8.776892 -5.508009
1305031455.259631 rgb/1305031455.259631.png 1305031455.273001 depth/1305031455.273001.png 1305031455.259571 0.826201 8.585309 -7.232255
1305031455.291831 rgb/1305031455.291831.png 1305031455.310303 depth/1305031455.310303.png 1305031455.291557 1.053706 7.244229 -7.136463
1305031455.327766 rgb/1305031455.327766.png 1305031455.342381 depth/1305031455.342381.png 1305031455.326987 1.161471 8.010560 -5.460113
1305031455.359630 rgb/1305031455.359630.png 1305031455.374120 depth/1305031455.374120.png 1305031455.359570 1.448846 8.824788 -7.423838
1305031455.391665 rgb/1305031455.391665.png 1305031455.409213 depth/1305031455.409213.png 1305031455.391676 1.820038 7.244229 -7.998586
1305031455.427642 rgb/1305031455.427642.png 1305031455.442380 depth/1305031455.442380.png 1305031455.426957 1.640429 7.435812 -7.232255
1305031455.459589 rgb/1305031455.459589.png 1305031455.473168 depth/1305031455.473168.png 1305031455.460440 2.011621 8.681100 -6.849089
1305031455.491637 rgb/1305031455.491637.png 1305031455.509397 depth/1305031455.509397.png 1305031455.491806 2.406760 7.244229 -8.381752
1305031455.527610 rgb/1305031455.527610.png 1305031455.540835 depth/1305031455.540835.png 1305031455.525836 2.394786 8.393726 -7.471733
1305031455.559669 rgb/1305031455.559669.png 1305031455.572996 depth/1305031455.572996.png 1305031455.559428 2.825848 8.585309 -5.986966
1305031455.591645 rgb/1305031455.591645.png 1305031455.608802 depth/1305031455.608802.png 1305031455.591944 2.358865 5.998940 -7.232255
1305031455.627617 rgb/1305031455.627617.png 1305031455.641333 depth/1305031455.641333.png 1305031455.626585 2.011621 5.519982 -7.807003
1305031455.659615 rgb/1305031455.659615.png 1305031455.672887 depth/1305031455.672887.png 1305031455.660950 1.676350 6.861063 -7.232255
1305031455.691605 rgb/1305031455.691605.png 1305031455.707680 depth/1305031455.707680.png 1305031455.690826 1.053706 7.148437 -7.232255
1305031455.727628 rgb/1305031455.727628.png 1305031455.742005 depth/1305031455.742005.png 1305031455.726757 0.478957 8.010560 -7.136463
1305031455.759683 rgb/1305031455.759683.png 1305031455.773667 depth/1305031455.773667.png 1305031455.760938 0.682514 6.861063 -8.166221
1305031455.791666 rgb/1305031455.791666.png 1305031455.809109 depth/1305031455.809109.png 1305031455.792049 0.682514 7.052646 -7.807003
1305031455.827590 rgb/1305031455.827590.png 1305031455.838364 depth/1305031455.838364.png 1305031455.826570 0.574749 6.861063 -6.753297
1305031455.859526 rgb/1305031455.859526.png 1305031455.872220 depth/1305031455.872220.png 1305031455.859807 0.682514 6.861063 -5.891174
1305031455.891657 rgb/1305031455.891657.png 1305031455.908418 depth/1305031455.908418.png 1305031455.891915 0.682514 5.711565 -6.657506
1305031455.927955 rgb/1305031455.927955.png 1305031455.939606 depth/1305031455.939606.png 1305031455.927859 0.778306 6.813167 -5.699591
1305031455.959716 rgb/1305031455.959716.png 1305031455.973594 depth/1305031455.973594.png 1305031455.959801 0.862123 6.861063 -5.699591
1305031455.991694 rgb/1305031455.991694.png 1305031456.008998 depth/1305031456.008998.png 1305031455.991930 0.862123 6.286314 -6.609610
1305031456.027770 rgb/1305031456.027770.png 1305031456.041930 depth/1305031456.041930.png 1305031456.026586 0.287374 6.094731 -7.232255
1305031456.059713 rgb/1305031456.059713.png 1305031456.073846 depth/1305031456.073846.png 1305031456.060941 0.107765 7.244229 -6.681454
1305031456.091707 rgb/1305031456.091707.png 1305031456.108963 depth/1305031456.108963.png 1305031456.091924 0.143687 6.573688 -6.657506
1305031456.127645 rgb/1305031456.127645.png 1305031456.140836 depth/1305031456.140836.png 1305031456.126592 -0.323296 6.573688 -6.609610
1305031456.159731 rgb/1305031456.159731.png 1305031456.173198 depth/1305031456.173198.png 1305031456.159680 0.095791 6.525793 -5.891174
1305031456.191658 rgb/1305031456.191658.png 1305031456.208934 depth/1305031456.208934.png 1305031456.191936 0.095791 6.286314 -5.124843
1305031456.227678 rgb/1305031456.227678.png 1305031456.240996 depth/1305031456.240996.png 1305031456.226444 -0.275400 6.525793 -6.645532
1305031456.291675 rgb/1305031456.291675.png 1305031456.277928 depth/1305031456.277928.png 1305031456.290834 0.095791 6.190523 -5.915122
1305031456.327718 rgb/1305031456.327718.png 1305031456.341659 depth/1305031456.341659.png 1305031456.326449 -0.275400 5.711565 -5.316426
1305031456.391619 rgb/1305031456.391619.png 1305031456.377115 depth/1305031456.377115.png 1305031456.390803 0.119739 6.094731 -6.465923
1305031456.427662 rgb/1305031456.427662.png 1305031456.440717 depth/1305031456.440717.png 1305031456.427682 -0.275400 6.118679 -6.465923
1305031456.491677 rgb/1305031456.491677.png 1305031456.476027 depth/1305031456.476027.png 1305031456.490835 0.095791 6.094731 -7.016724
1305031456.527641 rgb/1305031456.527641.png 1305031456.541832 depth/1305031456.541832.png 1305031456.527686 -0.083818 6.094731 -6.681454
1305031456.591651 rgb/1305031456.591651.png 1305031456.576087 depth/1305031456.576087.png 1305031456.591932 -1.053706 5.903148 -7.088568
1305031456.627612 rgb/1305031456.627612.png 1305031456.640699 depth/1305031456.640699.png 1305031456.627684 -0.658566 5.807357 -9.339667
1305031456.691612 rgb/1305031456.691612.png 1305031456.675835 depth/1305031456.675835.png 1305031456.692075 -0.275400 5.519982 -7.783056
1305031456.727693 rgb/1305031456.727693.png 1305031456.740863 depth/1305031456.740863.png 1305031456.726463 0.059870 5.711565 -9.339667
1305031456.791649 rgb/1305031456.791649.png 1305031456.777218 depth/1305031456.777218.png 1305031456.790956 0.395140 6.094731 -6.082757
1305031456.827603 rgb/1305031456.827603.png 1305031456.841050 depth/1305031456.841050.png 1305031456.826965 0.862123 4.753651 -8.573335
1305031456.891672 rgb/1305031456.891672.png 1305031456.878006 depth/1305031456.878006.png 1305031456.891550 0.466983 5.903148 -7.807003
1305031456.927690 rgb/1305031456.927690.png 1305031456.942298 depth/1305031456.942298.png 1305031456.929440 0.682514 5.615774 -8.573335
1305031456.959667 rgb/1305031456.959667.png 1305031456.977139 depth/1305031456.977139.png 1305031456.960440 0.287374 5.711565 -10.297581
1305031456.991709 rgb/1305031456.991709.png 1305031457.006193 depth/1305031457.006193.png 1305031456.991639 0.095791 7.052646 -9.339667
1305031457.027648 rgb/1305031457.027648.png 1305031457.042512 depth/1305031457.042512.png 1305031457.026988 0.478957 6.286314 -8.956501
1305031457.091655 rgb/1305031457.091655.png 1305031457.076011 depth/1305031457.076011.png 1305031457.091429 0.095791 6.861063 -10.010207
1305031457.127632 rgb/1305031457.127632.png 1305031457.142120 depth/1305031457.142120.png 1305031457.126960 0.574749 5.807357 -9.339667
1305031457.191735 rgb/1305031457.191735.png 1305031457.177463 depth/1305031457.177463.png 1305031457.191564 0.682514 5.699591 -9.387562
1305031457.227543 rgb/1305031457.227543.png 1305031457.240792 depth/1305031457.240792.png 1305031457.227006 0.478957 5.998940 -9.148084
1305031457.291656 rgb/1305031457.291656.png 1305031457.277247 depth/1305031457.277247.png 1305031457.291570 0.191583 5.998940 -8.190169
1305031457.327548 rgb/1305031457.327548.png 1305031457.342954 depth/1305031457.342954.png 1305031457.325834 -0.371192 7.052646 -8.908605
1305031457.391684 rgb/1305031457.391684.png 1305031457.376037 depth/1305031457.376037.png 1305031457.391691 -0.275400 5.998940 -8.956501
1305031457.427641 rgb/1305031457.427641.png 1305031457.441357 depth/1305031457.441357.png 1305031457.425832 -0.191583 6.453949 -8.381752
1305031457.491705 rgb/1305031457.491705.png 1305031457.476577 depth/1305031457.476577.png 1305031457.491569 -0.275400 5.711565 -7.399890
1305031457.527638 rgb/1305031457.527638.png 1305031457.508603 depth/1305031457.508603.png 1305031457.525851 -0.083818 6.094731 -7.040672
1305031457.559685 rgb/1305031457.559685.png 1305031457.543946 depth/1305031457.543946.png 1305031457.560576 -0.263426 6.465923 -7.232255
1305031457.591678 rgb/1305031457.591678.png 1305031457.576581 depth/1305031457.576581.png 1305031457.591697 -0.275400 6.956854 -7.040672
1305031457.627526 rgb/1305031457.627526.png 1305031457.643534 depth/1305031457.643534.png 1305031457.626989 0.119739 6.525793 -6.633558
1305031457.659632 rgb/1305031457.659632.png 1305031457.675414 depth/1305031457.675414.png 1305031457.659571 0.143687 5.711565 -7.807003
1305031457.691570 rgb/1305031457.691570.png 1305031457.707739 depth/1305031457.707739.png 1305031457.691544 0.059870 6.286314 -7.711212
1305031457.727669 rgb/1305031457.727669.png 1305031457.745071 depth/1305031457.745071.png 1305031457.726994 -0.478957 6.573688 -7.232255
1305031457.759556 rgb/1305031457.759556.png 1305031457.773518 depth/1305031457.773518.png 1305031457.758479 -0.622644 7.052646 -6.992776
1305031457.791567 rgb/1305031457.791567.png 1305031457.807824 depth/1305031457.807824.png 1305031457.791543 -0.478957 6.669480 -5.891174
1305031457.827699 rgb/1305031457.827699.png 1305031457.842853 depth/1305031457.842853.png 1305031457.826988 -0.574749 6.477897 -6.849089
1305031457.859623 rgb/1305031457.859623.png 1305031457.875920 depth/1305031457.875920.png 1305031457.859442 -0.658566 7.052646 -7.471733
1305031457.891593 rgb/1305031457.891593.png 1305031457.906126 depth/1305031457.906126.png 1305031457.891666 -0.574749 7.052646 -5.903148
1305031457.927633 rgb/1305031457.927633.png 1305031457.942604 depth/1305031457.942604.png 1305031457.929442 -0.083818 5.711565 -5.508009
1305031457.991644 rgb/1305031457.991644.png 1305031457.976744 depth/1305031457.976744.png 1305031457.991690 -0.083818 6.861063 -4.741677
1305031458.027845 rgb/1305031458.027845.png 1305031458.009019 depth/1305031458.009019.png 1305031458.029438 0.287374 6.477897 -3.987319
1305031458.059689 rgb/1305031458.059689.png 1305031458.046303 depth/1305031458.046303.png 1305031458.060588 0.107765 6.669480 -4.753651
1305031458.091690 rgb/1305031458.091690.png 1305031458.077315 depth/1305031458.077315.png 1305031458.091695 -0.083818 7.052646 -5.891174
1305031458.127605 rgb/1305031458.127605.png 1305031458.108896 depth/1305031458.108896.png 1305031458.126590 -0.083818 8.106352 -5.508009
1305031458.159638 rgb/1305031458.159638.png 1305031458.144808 depth/1305031458.144808.png 1305031458.160812 -0.275400 6.669480 -5.316426
1305031458.191646 rgb/1305031458.191646.png 1305031458.178039 depth/1305031458.178039.png 1305031458.190962 -0.287374 6.430001 -6.370132
1305031458.227611 rgb/1305031458.227611.png 1305031458.209384 depth/1305031458.209384.png 1305031458.226584 -0.574749 7.340020 -7.783056
1305031458.259934 rgb/1305031458.259934.png 1305031458.245729 depth/1305031458.245729.png 1305031458.260831 -1.388976 7.148437 -5.603800
1305031458.291664 rgb/1305031458.291664.png 1305031458.277447 depth/1305031458.277447.png 1305031458.290817 -1.053706 6.286314 -5.891174
1305031458.327628 rgb/1305031458.327628.png 1305031458.308343 depth/1305031458.308343.png 1305031458.326597 -1.520689 5.711565 -5.603800
1305031458.359590 rgb/1305031458.359590.png 1305031458.343898 depth/1305031458.343898.png 1305031458.360958 -2.382812 6.885011 -4.166928
1305031458.391626 rgb/1305031458.391626.png 1305031458.376213 depth/1305031458.376213.png 1305031458.391922 -1.808064 6.669480 -4.741677
1305031458.427598 rgb/1305031458.427598.png 1305031458.407856 depth/1305031458.407856.png 1305031458.427679 -1.412924 4.370485 -4.741677
1305031458.459637 rgb/1305031458.459637.png 1305031458.443957 depth/1305031458.443957.png 1305031458.460944 -1.424898 5.041025 -4.837468
1305031458.491696 rgb/1305031458.491696.png 1305031458.476034 depth/1305031458.476034.png 1305031458.491545 -2.011621 6.861063 -3.400597
1305031458.527737 rgb/1305031458.527737.png 1305031458.508869 depth/1305031458.508869.png 1305031458.527386 -1.245289 8.058456 -4.454303
1305031458.559628 rgb/1305031458.559628.png 1305031458.544401 depth/1305031458.544401.png 1305031458.560579 -2.215177 7.627394 -5.124843
1305031458.591641 rgb/1305031458.591641.png 1305031458.576178 depth/1305031458.576178.png 1305031458.591696 -1.832012 9.351641 -3.975345
1305031458.627659 rgb/1305031458.627659.png 1305031458.608421 depth/1305031458.608421.png 1305031458.626587 -1.903855 7.962665 -7.807003
1305031458.659623 rgb/1305031458.659623.png 1305031458.643659 depth/1305031458.643659.png 1305031458.660828 -2.586369 7.244229 -6.082757
1305031458.691674 rgb/1305031458.691674.png 1305031458.676991 depth/1305031458.676991.png 1305031458.691942 -1.472794 9.639015 -5.986966
1305031458.727650 rgb/1305031458.727650.png 1305031458.744924 depth/1305031458.744924.png 1305031458.727687 -1.245289 9.543224 -7.423838
1305031458.759945 rgb/1305031458.759945.png 1305031458.773802 depth/1305031458.773802.png 1305031458.759820 0.083818 10.309555 -4.358511
1305031458.791632 rgb/1305031458.791632.png 1305031458.810621 depth/1305031458.810621.png 1305031458.790964 0.478957 11.938010 -5.508009
1305031458.827564 rgb/1305031458.827564.png 1305031458.842919 depth/1305031458.842919.png 1305031458.826939 1.820038 7.148437 -7.519629
1305031458.891665 rgb/1305031458.891665.png 1305031458.875889 depth/1305031458.875889.png 1305031458.891695 0.682514 13.362908 -4.933260
1305031458.927621 rgb/1305031458.927621.png 1305031458.910599 depth/1305031458.910599.png 1305031458.925956 2.406760 8.585309 -5.795383
1305031458.959617 rgb/1305031458.959617.png 1305031458.943997 depth/1305031458.943997.png 1305031458.960951 1.820038 7.675290 -7.783056
1305031458.991647 rgb/1305031458.991647.png 1305031458.976007 depth/1305031458.976007.png 1305031458.991641 0.862123 9.926389 -5.699591
1305031459.027665 rgb/1305031459.027665.png 1305031459.012560 depth/1305031459.012560.png 1305031459.025961 0.778306 9.255849 -6.082757
1305031459.059631 rgb/1305031459.059631.png 1305031459.073657 depth/1305031459.073657.png 1305031459.060947 1.053706 6.885011 -6.274340
1305031459.127618 rgb/1305031459.127618.png 1305031459.112711 depth/1305031459.112711.png 1305031459.127707 -0.622644 7.148437 -3.209014
1305031459.159639 rgb/1305031459.159639.png 1305031459.144497 depth/1305031459.144497.png 1305031459.159830 -0.574749 8.393726 -3.161118
1305031459.191674 rgb/1305031459.191674.png 1305031459.176463 depth/1305031459.176463.png 1305031459.191960 -0.083818 6.956854 -4.166928
1305031459.227607 rgb/1305031459.227607.png 1305031459.244159 depth/1305031459.244159.png 1305031459.225858 0.682514 7.220281 -2.346891
1305031459.259760 rgb/1305031459.259760.png 1305031459.274941 depth/1305031459.274941.png 1305031459.259565 0.287374 7.531603 -3.975345
1305031459.327632 rgb/1305031459.327632.png 1305031459.311921 depth/1305031459.311921.png 1305031459.329437 0.910019 8.405700 -4.358511
1305031459.359651 rgb/1305031459.359651.png 1305031459.374084 depth/1305031459.374084.png 1305031459.360578 0.287374 9.064266 -3.209014
1305031459.391667 rgb/1305031459.391667.png 1305031459.408831 depth/1305031459.408831.png 1305031459.391922 1.053706 8.728996 -3.687971
1305031459.427646 rgb/1305031459.427646.png 1305031459.443181 depth/1305031459.443181.png 1305031459.426944 1.724246 6.849089 -8.764918
1305031459.459679 rgb/1305031459.459679.png 1305031459.473401 depth/1305031459.473401.png 1305031459.460967 2.406760 9.447432 -4.837468
1305031459.527594 rgb/1305031459.527594.png 1305031459.510267 depth/1305031459.510267.png 1305031459.526997 3.927450 6.190523 -8.956501
1305031459.559647 rgb/1305031459.559647.png 1305031459.544431 depth/1305031459.544431.png 1305031459.559807 5.651696 9.160058 -5.484061
1305031459.591695 rgb/1305031459.591695.png 1305031459.576817 depth/1305031459.576817.png 1305031459.591925 4.885364 6.669480 -6.226444
1305031459.627608 rgb/1305031459.627608.png 1305031459.611939 depth/1305031459.611939.png 1305031459.627685 4.693781 9.926389 -4.789573
1305031459.659641 rgb/1305031459.659641.png 1305031459.643453 depth/1305031459.643453.png 1305031459.659824 4.514172 10.309555 -6.274340
1305031459.691604 rgb/1305031459.691604.png 1305031459.675678 depth/1305031459.675678.png 1305031459.691549 3.747841 7.986612 -7.519629
1305031459.727551 rgb/1305031459.727551.png 1305031459.743425 depth/1305031459.743425.png 1305031459.726990 3.209014 9.160058 -5.603800
1305031459.791650 rgb/1305031459.791650.png 1305031459.776577 depth/1305031459.776577.png 1305031459.791695 2.789926 8.022534 -4.166928
1305031459.827664 rgb/1305031459.827664.png 1305031459.812562 depth/1305031459.812562.png 1305031459.829436 2.310969 8.681100 -4.789573
1305031459.859660 rgb/1305031459.859660.png 1305031459.844736 depth/1305031459.844736.png 1305031459.860455 2.011621 8.681100 -5.843279
1305031459.891596 rgb/1305031459.891596.png 1305031459.877006 depth/1305031459.877006.png 1305031459.891699 2.215177 8.393726 -5.220634
1305031459.927607 rgb/1305031459.927607.png 1305031459.943616 depth/1305031459.943616.png 1305031459.925837 2.789926 8.297935 -4.933260
1305031459.991725 rgb/1305031459.991725.png 1305031459.979430 depth/1305031459.979430.png 1305031459.991561 1.820038 7.292124 -5.316426
1305031460.027565 rgb/1305031460.027565.png 1305031460.011909 depth/1305031460.011909.png 1305031460.026979 1.640429 8.202143 -5.795383
1305031460.059659 rgb/1305031460.059659.png 1305031460.043717 depth/1305031460.043717.png 1305031460.059429 1.448846 9.184006 -6.657506
1305031460.091717 rgb/1305031460.091717.png 1305031460.079449 depth/1305031460.079449.png 1305031460.091679 1.640429 7.627394 -5.699591
1305031460.127690 rgb/1305031460.127690.png 1305031460.111951 depth/1305031460.111951.png 1305031460.129436 2.789926 7.818977 -4.358511
1305031460.159678 rgb/1305031460.159678.png 1305031460.144204 depth/1305031460.144204.png 1305031460.160575 3.125196 6.837115 -4.933260
1305031460.191559 rgb/1305031460.191559.png 1305031460.178730 depth/1305031460.178730.png 1305031460.191678 2.586369 6.669480 -5.699591
1305031460.227761 rgb/1305031460.227761.png 1305031460.243467 depth/1305031460.243467.png 1305031460.228328 3.161118 6.956854 -5.124843
1305031460.291689 rgb/1305031460.291689.png 1305031460.279164 depth/1305031460.279164.png 1305031460.291503 3.161118 8.393726 -5.124843
1305031460.327512 rgb/1305031460.327512.png 1305031460.342879 depth/1305031460.342879.png 1305031460.325968 3.077300 6.573688 -5.124843
1305031460.391611 rgb/1305031460.391611.png 1305031460.377806 depth/1305031460.377806.png 1305031460.391550 2.789926 7.531603 -5.939070
1305031460.427477 rgb/1305031460.427477.png 1305031460.409883 depth/1305031460.409883.png 1305031460.426988 2.310969 7.052646 -5.112869
1305031460.459620 rgb/1305031460.459620.png 1305031460.444036 depth/1305031460.444036.png 1305031460.459816 2.586369 7.244229 -6.465923
1305031460.491504 rgb/1305031460.491504.png 1305031460.479856 depth/1305031460.479856.png 1305031460.492052 2.586369 5.807357 -7.040672
1305031460.527570 rgb/1305031460.527570.png 1305031460.508966 depth/1305031460.508966.png 1305031460.527820 2.586369 5.041025 -6.944880
1305031460.559647 rgb/1305031460.559647.png 1305031460.544245 depth/1305031460.544245.png 1305031460.559811 2.406760 7.627394 -6.681454
1305031460.591855 rgb/1305031460.591855.png 1305031460.579561 depth/1305031460.579561.png 1305031460.591975 2.789926 6.118679 -6.298288
1305031460.627625 rgb/1305031460.627625.png 1305031460.612190 depth/1305031460.612190.png 1305031460.627677 2.586369 7.196333 -6.657506
1305031460.659764 rgb/1305031460.659764.png 1305031460.644011 depth/1305031460.644011.png 1305031460.659806 2.789926 6.861063 -6.657506
1305031460.691671 rgb/1305031460.691671.png 1305031460.679350 depth/1305031460.679350.png 1305031460.692036 2.586369 6.956854 -5.891174
1305031460.727675 rgb/1305031460.727675.png 1305031460.711684 depth/1305031460.711684.png 1305031460.726616 1.628455 7.818977 -5.699591
1305031460.759667 rgb/1305031460.759667.png 1305031460.743767 depth/1305031460.743767.png 1305031460.760578 2.215177 6.956854 -6.250392
1305031460.791660 rgb/1305031460.791660.png 1305031460.779201 depth/1305031460.779201.png 1305031460.791695 1.927803 7.256203 -5.891174
1305031460.827660 rgb/1305031460.827660.png 1305031460.811318 depth/1305031460.811318.png 1305031460.825945 1.341080 7.627394 -5.316426
1305031460.859714 rgb/1305031460.859714.png 1305031460.843836 depth/1305031460.843836.png 1305031460.860585 0.862123 7.723186 -6.849089
1305031460.891774 rgb/1305031460.891774.png 1305031460.879093 depth/1305031460.879093.png 1305031460.891686 0.443035 8.585309 -7.423838
1305031460.927562 rgb/1305031460.927562.png 1305031460.943375 depth/1305031460.943375.png 1305031460.927006 0.191583 7.196333 -7.232255
1305031460.991668 rgb/1305031460.991668.png 1305031460.979083 depth/1305031460.979083.png 1305031460.991550 0.778306 6.861063 -7.423838
1305031461.027620 rgb/1305031461.027620.png 1305031461.043398 depth/1305031461.043398.png 1305031461.026965 1.448846 6.956854 -5.986966
1305031461.091728 rgb/1305031461.091728.png 1305031461.079602 depth/1305031461.079602.png 1305031461.091587 0.287374 7.148437 -6.992776
1305031461.127586 rgb/1305031461.127586.png 1305031461.111961 depth/1305031461.111961.png 1305031461.127039 0.287374 6.382106 -7.807003
1305031461.159720 rgb/1305031461.159720.png 1305031461.144098 depth/1305031461.144098.png 1305031461.159556 0.191583 6.286314 -6.082757
1305031461.192013 rgb/1305031461.192013.png 1305031461.179883 depth/1305031461.179883.png 1305031461.191561 0.478957 6.861063 -6.849089
1305031461.227607 rgb/1305031461.227607.png 1305031461.211180 depth/1305031461.211180.png 1305031461.226938 0.862123 4.897338 -7.064620
1305031461.259642 rgb/1305031461.259642.png 1305031461.246864 depth/1305031461.246864.png 1305031461.260465 0.682514 8.585309 -4.741677
1305031461.291656 rgb/1305031461.291656.png 1305031461.278888 depth/1305031461.278888.png 1305031461.291580 0.478957 7.723186 -4.310615
1305031461.327751 rgb/1305031461.327751.png 1305031461.311240 depth/1305031461.311240.png 1305031461.327349 0.682514 7.818977 -6.274340
1305031461.359709 rgb/1305031461.359709.png 1305031461.346875 depth/1305031461.346875.png 1305031461.360566 -0.658566 7.052646 -9.052292
1305031461.391708 rgb/1305031461.391708.png 1305031461.378850 depth/1305031461.378850.png 1305031461.391663 -1.005810 6.861063 -7.232255
1305031461.427624 rgb/1305031461.427624.png 1305031461.411130 depth/1305031461.411130.png 1305031461.425957 -0.646592 6.861063 -7.854899
1305031461.459781 rgb/1305031461.459781.png 1305031461.447015 depth/1305031461.447015.png 1305031461.460450 -0.670540 6.094731 -9.627041
1305031461.491677 rgb/1305031461.491677.png 1305031461.478901 depth/1305031461.478901.png 1305031461.491804 -0.287374 7.052646 -7.399890
1305031461.527705 rgb/1305031461.527705.png 1305031461.512120 depth/1305031461.512120.png 1305031461.525977 -0.754358 5.328400 -6.849089
1305031461.559677 rgb/1305031461.559677.png 1305031461.547338 depth/1305031461.547338.png 1305031461.560565 -0.658566 8.106352 -5.531956
1305031461.591690 rgb/1305031461.591690.png 1305031461.578847 depth/1305031461.578847.png 1305031461.591253 -0.754358 6.118679 -6.705402
1305031461.627541 rgb/1305031461.627541.png 1305031461.609662 depth/1305031461.609662.png 1305031461.625922 -1.245289 7.435812 -6.657506
1305031461.659622 rgb/1305031461.659622.png 1305031461.646970 depth/1305031461.646970.png 1305031461.660605 -0.622644 6.430001 -7.232255
1305031461.691563 rgb/1305031461.691563.png 1305031461.676203 depth/1305031461.676203.png 1305031461.691798 -0.083818 5.316426 -7.998586
1305031461.727602 rgb/1305031461.727602.png 1305031461.711212 depth/1305031461.711212.png 1305031461.727703 -0.275400 5.519982 -6.274340
1305031461.759684 rgb/1305031461.759684.png 1305031461.746919 depth/1305031461.746919.png 1305031461.759839 -0.670540 5.663670 -6.849089
1305031461.791612 rgb/1305031461.791612.png 1305031461.778616 depth/1305031461.778616.png 1305031461.791991 -0.850149 6.382106 -7.040672
1305031461.827615 rgb/1305031461.827615.png 1305031461.811319 depth/1305031461.811319.png 1305031461.826430 -0.478957 6.286314 -6.082757
1305031461.859767 rgb/1305031461.859767.png 1305031461.847090 depth/1305031461.847090.png 1305031461.860959 1.257263 6.106705 -7.519629
1305031461.891723 rgb/1305031461.891723.png 1305031461.879162 depth/1305031461.879162.png 1305031461.892318 1.053706 4.562068 -8.094378
1305031461.927758 rgb/1305031461.927758.png 1305031461.911121 depth/1305031461.911121.png 1305031461.927939 0.502905 6.765271 -5.508009
1305031461.959703 rgb/1305031461.959703.png 1305031461.947264 depth/1305031461.947264.png 1305031461.960706 0.862123 6.813167 -7.807003
1305031461.991590 rgb/1305031461.991590.png 1305031461.979223 depth/1305031461.979223.png 1305031461.991797 1.053706 6.477897 -9.531250
1305031462.027675 rgb/1305031462.027675.png 1305031462.011791 depth/1305031462.011791.png 1305031462.029445 1.628455 6.861063 -8.214117
1305031462.059837 rgb/1305031462.059837.png 1305031462.047463 depth/1305031462.047463.png 1305031462.060472 1.820038 4.945234 -7.783056
1305031462.091777 rgb/1305031462.091777.png 1305031462.079285 depth/1305031462.079285.png 1305031462.091699 2.394786 5.998940 -7.615421
1305031462.127739 rgb/1305031462.127739.png 1305031462.112081 depth/1305031462.112081.png 1305031462.127305 2.742030 4.370485 -8.214117
1305031462.159646 rgb/1305031462.159646.png 1305031462.147634 depth/1305031462.147634.png 1305031462.159811 1.544637 5.519982 -6.992776
1305031462.191641 rgb/1305031462.191641.png 1305031462.179358 depth/1305031462.179358.png 1305031462.191945 1.640429 5.519982 -7.711212
1305031462.227633 rgb/1305031462.227633.png 1305031462.212836 depth/1305031462.212836.png 1305031462.227568 1.341080 4.562068 -8.477544
1305031462.259765 rgb/1305031462.259765.png 1305031462.248986 depth/1305031462.248986.png 1305031462.260580 0.826201 5.232608 -7.998586
1305031462.291629 rgb/1305031462.291629.png 1305031462.280774 depth/1305031462.280774.png 1305031462.291562 0.862123 4.945234 -7.807003
1305031462.327540 rgb/1305031462.327540.png 1305031462.311931 depth/1305031462.311931.png 1305031462.326982 0.682514 5.424191 -7.854899
1305031462.359732 rgb/1305031462.359732.png 1305031462.347816 depth/1305031462.347816.png 1305031462.360590 0.443035 5.136817 -8.968475
1305031462.391695 rgb/1305031462.391695.png 1305031462.379950 depth/1305031462.379950.png 1305031462.391682 0.107765 4.370485 -9.627041
1305031462.427635 rgb/1305031462.427635.png 1305031462.413016 depth/1305031462.413016.png 1305031462.427982 0.107765 5.304452 -8.381752
1305031462.459897 rgb/1305031462.459897.png 1305031462.448295 depth/1305031462.448295.png 1305031462.460600 -0.191583 6.142627 -9.914415
1305031462.492008 rgb/1305031462.492008.png 1305031462.480843 depth/1305031462.480843.png 1305031462.492435 -0.263426 5.136817 -10.105998
1305031462.527670 rgb/1305031462.527670.png 1305031462.517041 depth/1305031462.517041.png 1305031462.526942 -0.191583 5.232608 -8.956501
1305031462.559862 rgb/1305031462.559862.png 1305031462.548959 depth/1305031462.548959.png 1305031462.561585 -0.275400 5.711565 -9.004397
1305031462.591862 rgb/1305031462.591862.png 1305031462.581088 depth/1305031462.581088.png 1305031462.591560 -0.754358 5.615774 -9.052292
1305031462.627851 rgb/1305031462.627851.png 1305031462.617123 depth/1305031462.617123.png 1305031462.627963 -1.089628 5.328400 -9.531250
1305031462.659660 rgb/1305031462.659660.png 1305031462.648708 depth/1305031462.648708.png 1305031462.658476 -0.706462 4.945234 -8.860709
1305031462.692548 rgb/1305031462.692548.png 1305031462.680788 depth/1305031462.680788.png 1305031462.691441 -1.388976 5.328400 -8.549387
1305031462.727652 rgb/1305031462.727652.png 1305031462.716812 depth/1305031462.716812.png 1305031462.726963 -1.808064 5.519982 -8.190169
1305031462.759782 rgb/1305031462.759782.png 1305031462.748732 depth/1305031462.748732.png 1305031462.759451 -1.616481 5.759461 -8.381752
1305031462.791943 rgb/1305031462.791943.png 1305031462.780885 depth/1305031462.780885.png 1305031462.791572 -1.436872 5.759461 -8.669126
1305031462.827816 rgb/1305031462.827816.png 1305031462.816821 depth/1305031462.816821.png 1305031462.829457 -1.245289 5.998940 -7.998586
1305031462.859782 rgb/1305031462.859782.png 1305031462.848525 depth/1305031462.848525.png 1305031462.860594 -1.053706 6.286314 -8.621231
1305031462.891847 rgb/1305031462.891847.png 1305031462.880471 depth/1305031462.880471.png 1305031462.891691 0.095791 5.699591 -8.573335
1305031462.927607 rgb/1305031462.927607.png 1305031462.916800 depth/1305031462.916800.png 1305031462.926950 -0.083818 5.807357 -9.339667
1305031462.959676 rgb/1305031462.959676.png 1305031462.947939 depth/1305031462.947939.png 1305031462.958450 0.287374 5.711565 -8.956501
1305031462.995550 rgb/1305031462.995550.png 1305031462.979943 depth/1305031462.979943.png 1305031462.995812 0.395140 6.070783 -8.381752
1305031463.027667 rgb/1305031463.027667.png 1305031463.016121 depth/1305031463.016121.png 1305031463.029510 0.443035 5.711565 -7.615421
1305031463.059810 rgb/1305031463.059810.png 1305031463.050783 depth/1305031463.050783.png 1305031463.060456 0.287374 6.046835 -7.998586
1305031463.095809 rgb/1305031463.095809.png 1305031463.076870 depth/1305031463.076870.png 1305031463.095833 0.011974 6.094731 -7.998586
1305031463.127550 rgb/1305031463.127550.png 1305031463.116806 depth/1305031463.116806.png 1305031463.125830 0.107765 6.669480 -6.226444
1305031463.159787 rgb/1305031463.159787.png 1305031463.148565 depth/1305031463.148565.png 1305031463.160454 -0.191583 6.477897 -7.052646
1305031463.195657 rgb/1305031463.195657.png 1305031463.180505 depth/1305031463.180505.png 1305031463.195820 -0.574749 6.837115 -8.190169
1305031463.227784 rgb/1305031463.227784.png 1305031463.217123 depth/1305031463.217123.png 1305031463.229398 0.095791 5.903148 -6.322236
1305031463.260034 rgb/1305031463.260034.png 1305031463.248719 depth/1305031463.248719.png 1305031463.260593 0.107765 6.669480 -7.040672
1305031463.295737 rgb/1305031463.295737.png 1305031463.278737 depth/1305031463.278737.png 1305031463.295944 -0.275400 6.525793 -8.285961
1305031463.327739 rgb/1305031463.327739.png 1305031463.317110 depth/1305031463.317110.png 1305031463.329445 -0.323296 6.477897 -7.040672
1305031463.359750 rgb/1305031463.359750.png 1305031463.348740 depth/1305031463.348740.png 1305031463.360593 0.107765 6.573688 -6.322236
1305031463.395630 rgb/1305031463.395630.png 1305031463.380514 depth/1305031463.380514.png 1305031463.395951 -0.275400 6.573688 -7.399890
1305031463.427716 rgb/1305031463.427716.png 1305031463.416326 depth/1305031463.416326.png 1305031463.429445 0.095791 6.669480 -7.232255
1305031463.459756 rgb/1305031463.459756.png 1305031463.444773 depth/1305031463.444773.png 1305031463.460597 0.287374 6.094731 -8.190169
1305031463.495629 rgb/1305031463.495629.png 1305031463.480415 depth/1305031463.480415.png 1305031463.495949 0.107765 6.861063 -8.944527
1305031463.527670 rgb/1305031463.527670.png 1305031463.516994 depth/1305031463.516994.png 1305031463.529448 0.443035 6.525793 -8.573335
1305031463.559751 rgb/1305031463.559751.png 1305031463.548505 depth/1305031463.548505.png 1305031463.560632 0.107765 6.477897 -8.669126
1305031463.595600 rgb/1305031463.595600.png 1305031463.580684 depth/1305031463.580684.png 1305031463.595847 0.095791 7.579499 -8.573335
1305031463.627588 rgb/1305031463.627588.png 1305031463.616671 depth/1305031463.616671.png 1305031463.626953 0.395140 7.052646 -8.573335
1305031463.659766 rgb/1305031463.659766.png 1305031463.646147 depth/1305031463.646147.png 1305031463.659437 0.443035 7.292124 -7.232255
1305031463.695640 rgb/1305031463.695640.png 1305031463.683908 depth/1305031463.683908.png 1305031463.695800 0.143687 7.914769 -8.477544
1305031463.727588 rgb/1305031463.727588.png 1305031463.716110 depth/1305031463.716110.png 1305031463.725813 0.826201 6.908959 -8.238065
1305031463.759674 rgb/1305031463.759674.png 1305031463.747849 depth/1305031463.747849.png 1305031463.760463 0.778306 6.861063 -7.711212
1305031463.795647 rgb/1305031463.795647.png 1305031463.783912 depth/1305031463.783912.png 1305031463.795937 0.395140 7.340020 -8.094378
1305031463.827761 rgb/1305031463.827761.png 1305031463.815883 depth/1305031463.815883.png 1305031463.829458 0.287374 6.908959 -7.807003
1305031463.859910 rgb/1305031463.859910.png 1305031463.848094 depth/1305031463.848094.png 1305031463.860594 0.478957 7.244229 -7.423838
1305031463.895648 rgb/1305031463.895648.png 1305031463.883817 depth/1305031463.883817.png 1305031463.895952 0.778306 6.669480 -8.477544
1305031463.927664 rgb/1305031463.927664.png 1305031463.917433 depth/1305031463.917433.png 1305031463.929445 0.862123 6.525793 -7.711212
1305031463.959680 rgb/1305031463.959680.png 1305031463.944435 depth/1305031463.944435.png 1305031463.959442 0.862123 6.430001 -7.040672
1305031463.995821 rgb/1305031463.995821.png 1305031463.983748 depth/1305031463.983748.png 1305031463.995817 0.862123 6.525793 -7.136463
1305031464.027703 rgb/1305031464.027703.png 1305031464.015867 depth/1305031464.015867.png 1305031464.029454 0.478957 6.501845 -7.040672
1305031464.059652 rgb/1305031464.059652.png 1305031464.047778 depth/1305031464.047778.png 1305031464.060446 0.095791 6.861063 -7.399890
1305031464.095634 rgb/1305031464.095634.png 1305031464.083152 depth/1305031464.083152.png 1305031464.095827 0.095791 7.435812 -7.854899
1305031464.127681 rgb/1305031464.127681.png 1305031464.115837 depth/1305031464.115837.png 1305031464.129447 0.011974 5.903148 -7.615421
1305031464.159817 rgb/1305031464.159817.png 1305031464.147663 depth/1305031464.147663.png 1305031464.159451 -0.658566 5.519982 -6.753297
1305031464.195585 rgb/1305031464.195585.png 1305031464.183566 depth/1305031464.183566.png 1305031464.195814 -0.658566 6.525793 -5.891174
1305031464.227624 rgb/1305031464.227624.png 1305031464.212447 depth/1305031464.212447.png 1305031464.226977 -0.754358 5.903148 -6.274340
1305031464.259644 rgb/1305031464.259644.png 1305031464.247602 depth/1305031464.247602.png 1305031464.259590 -0.850149 6.861063 -5.555904
1305031464.295667 rgb/1305031464.295667.png 1305031464.283694 depth/1305031464.283694.png 1305031464.295828 -0.670540 7.723186 -5.555904
1305031464.327866 rgb/1305031464.327866.png 1305031464.315699 depth/1305031464.315699.png 1305031464.326939 -0.574749 7.244229 -6.465923
1305031464.359684 rgb/1305031464.359684.png 1305031464.347553 depth/1305031464.347553.png 1305031464.359450 0.083818 6.861063 -5.795383
1305031464.395611 rgb/1305031464.395611.png 1305031464.383465 depth/1305031464.383465.png 1305031464.395804 -0.299348 7.579499 -7.471733
1305031464.427634 rgb/1305031464.427634.png 1305031464.415539 depth/1305031464.415539.png 1305031464.425839 -0.574749 8.776892 -7.759108
1305031464.459689 rgb/1305031464.459689.png 1305031464.444269 depth/1305031464.444269.png 1305031464.460566 0.478957 8.202143 -6.274340
1305031464.495633 rgb/1305031464.495633.png 1305031464.487561 depth/1305031464.487561.png 1305031464.495421 0.874097 5.807357 -7.998586
1305031464.527574 rgb/1305031464.527574.png 1305031464.513688 depth/1305031464.513688.png 1305031464.527791 0.502905 7.675290 -7.040672
1305031464.559703 rgb/1305031464.559703.png 1305031464.548007 depth/1305031464.548007.png 1305031464.559822 0.287374 8.681100 -5.555904
1305031464.595698 rgb/1305031464.595698.png 1305031464.584260 depth/1305031464.584260.png 1305031464.595572 0.095791 7.052646 -4.933260
1305031464.627672 rgb/1305031464.627672.png 1305031464.615688 depth/1305031464.615688.png 1305031464.627679 -0.275400 6.861063 -4.741677
1305031464.659749 rgb/1305031464.659749.png 1305031464.648851 depth/1305031464.648851.png 1305031464.659820 -0.706462 8.345830 -4.310615
1305031464.695663 rgb/1305031464.695663.png 1305031464.684318 depth/1305031464.684318.png 1305031464.695588 -0.658566 7.340020 -4.550094
1305031464.727652 rgb/1305031464.727652.png 1305031464.716305 depth/1305031464.716305.png 1305031464.726688 -1.341080 6.382106 -3.304805
1305031464.759740 rgb/1305031464.759740.png 1305031464.748588 depth/1305031464.748588.png 1305031464.760850 -1.520689 8.441622 -3.975345
1305031464.796021 rgb/1305031464.796021.png 1305031464.784268 depth/1305031464.784268.png 1305031464.796594 -1.616481 7.723186 -3.975345
1305031464.827759 rgb/1305031464.827759.png 1305031464.816195 depth/1305031464.816195.png 1305031464.826579 -1.520689 7.148437 -2.825848
1305031464.859654 rgb/1305031464.859654.png 1305031464.848283 depth/1305031464.848283.png 1305031464.860833 -2.670187 7.148437 -2.634265
1305031464.895817 rgb/1305031464.895817.png 1305031464.884177 depth/1305031464.884177.png 1305031464.895484 -2.239125 7.268176 -2.346891
1305031464.927799 rgb/1305031464.927799.png 1305031464.916391 depth/1305031464.916391.png 1305031464.926584 -2.239125 6.453949 -2.442682
1305031464.959763 rgb/1305031464.959763.png 1305031464.952471 depth/1305031464.952471.png 1305031464.960856 -1.808064 4.466276 -2.873744
1305031464.995687 rgb/1305031464.995687.png 1305031464.984257 depth/1305031464.984257.png 1305031464.995689 -2.203203 4.933260 -4.550094
1305031465.027823 rgb/1305031465.027823.png 1305031465.015390 depth/1305031465.015390.png 1305031465.027733 -2.287021 5.340374 -4.550094
1305031465.059749 rgb/1305031465.059749.png 1305031465.048430 depth/1305031465.048430.png 1305031465.059866 -3.053353 3.987319 -3.879554
1305031465.095700 rgb/1305031465.095700.png 1305031465.083338 depth/1305031465.083338.png 1305031465.095575 -3.544284 7.435812 -4.166928
1305031465.127664 rgb/1305031465.127664.png 1305031465.115475 depth/1305031465.115475.png 1305031465.127310 -3.915476 5.711565 -6.465923
1305031465.159842 rgb/1305031465.159842.png 1305031465.151558 depth/1305031465.151558.png 1305031465.159456 -3.819684 6.453949 -5.891174
1305031465.195564 rgb/1305031465.195564.png 1305031465.183558 depth/1305031465.183558.png 1305031465.195815 -3.915476 6.430001 -6.849089
1305031465.227907 rgb/1305031465.227907.png 1305031465.215832 depth/1305031465.215832.png 1305031465.227012 -4.789573 7.962665 -7.783056
1305031465.259807 rgb/1305031465.259807.png 1305031465.251788 depth/1305031465.251788.png 1305031465.259460 -3.915476 7.244229 -8.178195
1305031465.295623 rgb/1305031465.295623.png 1305031465.283737 depth/1305031465.283737.png 1305031465.295826 -2.957561 7.052646 -9.148084
1305031465.327674 rgb/1305031465.327674.png 1305031465.315985 depth/1305031465.315985.png 1305031465.326941 -2.969535 6.190523 -9.339667
1305031465.359948 rgb/1305031465.359948.png 1305031465.351729 depth/1305031465.351729.png 1305031465.359593 -2.011621 6.765271 -7.711212
1305031465.395586 rgb/1305031465.395586.png 1305031465.383701 depth/1305031465.383701.png 1305031465.395804 -1.029758 6.765271 -7.818977
1305031465.427697 rgb/1305031465.427697.png 1305031465.416543 depth/1305031465.416543.png 1305031465.426939 -0.299348 7.340020 -7.807003
1305031465.460125 rgb/1305031465.460125.png 1305031465.452401 depth/1305031465.452401.png 1305031465.459868 0.095791 5.998940 -7.711212
1305031465.495703 rgb/1305031465.495703.png 1305031465.483803 depth/1305031465.483803.png 1305031465.496757 -0.275400 5.903148 -8.621231
1305031465.527622 rgb/1305031465.527622.png 1305031465.516043 depth/1305031465.516043.png 1305031465.526968 -0.371192 7.627394 -6.465923
1305031465.559812 rgb/1305031465.559812.png 1305031465.551838 depth/1305031465.551838.png 1305031465.559584 0.191583 6.477897 -6.370132
1305031465.595599 rgb/1305031465.595599.png 1305031465.583570 depth/1305031465.583570.png 1305031465.595833 0.395140 5.735513 -8.166221
1305031465.627688 rgb/1305031465.627688.png 1305031465.615685 depth/1305031465.615685.png 1305031465.626941 0.287374 6.669480 -6.669480
1305031465.660060 rgb/1305031465.660060.png 1305031465.651645 depth/1305031465.651645.png 1305031465.659571 0.910019 6.669480 -4.550094
1305031465.695668 rgb/1305031465.695668.png 1305031465.684759 depth/1305031465.684759.png 1305031465.695450 0.502905 6.861063 -6.226444
1305031465.727682 rgb/1305031465.727682.png 1305031465.716279 depth/1305031465.716279.png 1305031465.727743 1.053706 7.052646 -5.316426
1305031465.759766 rgb/1305031465.759766.png 1305031465.753153 depth/1305031465.753153.png 1305031465.759920 1.448846 6.286314 -5.316426
1305031465.795937 rgb/1305031465.795937.png 1305031465.784387 depth/1305031465.784387.png 1305031465.795565 1.544637 7.531603 -5.891174
1305031465.827996 rgb/1305031465.827996.png 1305031465.816591 depth/1305031465.816591.png 1305031465.827808 1.820038 7.340020 -3.687971
1305031465.859861 rgb/1305031465.859861.png 1305031465.852860 depth/1305031465.852860.png 1305031465.861004 2.406760 7.052646 -4.358511
1305031465.895494 rgb/1305031465.895494.png 1305031465.884370 depth/1305031465.884370.png 1305031465.895545 1.975699 7.818977 -5.508009
1305031465.927495 rgb/1305031465.927495.png 1305031465.912828 depth/1305031465.912828.png 1305031465.926587 2.825848 7.651342 -4.454303
1305031465.959710 rgb/1305031465.959710.png 1305031465.952840 depth/1305031465.952840.png 1305031465.960975 2.442682 8.010560 -5.915122
1305031465.995753 rgb/1305031465.995753.png 1305031465.984183 depth/1305031465.984183.png 1305031465.995733 2.406760 9.926389 -4.262720
1305031466.027644 rgb/1305031466.027644.png 1305031466.016599 depth/1305031466.016599.png 1305031466.026689 3.077300 9.112162 -5.412217
1305031466.059757 rgb/1305031466.059757.png 1305031466.052655 depth/1305031466.052655.png 1305031466.060942 2.490578 9.064266 -7.064620
1305031466.095840 rgb/1305031466.095840.png 1305031466.083913 depth/1305031466.083913.png 1305031466.095453 2.789926 10.213764 -6.465923
1305031466.127640 rgb/1305031466.127640.png 1305031466.116400 depth/1305031466.116400.png 1305031466.126582 2.406760 9.926389 -6.944880
1305031466.160428 rgb/1305031466.160428.png 1305031466.152540 depth/1305031466.152540.png 1305031466.160897 2.406760 9.639015 -6.178549
1305031466.195833 rgb/1305031466.195833.png 1305031466.184186 depth/1305031466.184186.png 1305031466.195453 2.215177 9.543224 -5.699591
1305031466.227951 rgb/1305031466.227951.png 1305031466.220477 depth/1305031466.220477.png 1305031466.226599 1.999647 8.489518 -5.603800
1305031466.259815 rgb/1305031466.259815.png 1305031466.252491 depth/1305031466.252491.png 1305031466.260884 1.245289 9.734806 -3.592179
1305031466.295737 rgb/1305031466.295737.png 1305031466.284389 depth/1305031466.284389.png 1305031466.295561 0.502905 9.926389 -4.334563
1305031466.327702 rgb/1305031466.327702.png 1305031466.320055 depth/1305031466.320055.png 1305031466.326727 0.826201 8.800840 -6.082757
1305031466.359829 rgb/1305031466.359829.png 1305031466.352082 depth/1305031466.352082.png 1305031466.360973 0.478957 7.998586 -6.849089
1305031466.395784 rgb/1305031466.395784.png 1305031466.384479 depth/1305031466.384479.png 1305031466.395480 0.287374 7.675290 -4.358511
1305031466.427819 rgb/1305031466.427819.png 1305031466.420844 depth/1305031466.420844.png 1305031466.426559 -0.275400 8.106352 -3.400597
1305031466.459790 rgb/1305031466.459790.png 1305031466.452369 depth/1305031466.452369.png 1305031466.460983 -0.239479 8.345830 -3.879554
1305031466.495809 rgb/1305031466.495809.png 1305031466.483315 depth/1305031466.483315.png 1305031466.495439 0.011974 7.148437 -3.687971
1305031466.527538 rgb/1305031466.527538.png 1305031466.519548 depth/1305031466.519548.png 1305031466.526592 0.287374 8.393726 -4.382459
1305031466.560353 rgb/1305031466.560353.png 1305031466.552219 depth/1305031466.552219.png 1305031466.560978 0.395140 8.034508 -5.124843
1305031466.595936 rgb/1305031466.595936.png 1305031466.584438 depth/1305031466.584438.png 1305031466.595576 0.874097 7.435812 -6.082757
1305031466.627549 rgb/1305031466.627549.png 1305031466.620424 depth/1305031466.620424.png 1305031466.626585 1.209367 7.627394 -5.555904
1305031466.659688 rgb/1305031466.659688.png 1305031466.648654 depth/1305031466.648654.png 1305031466.660838 1.053706 8.106352 -5.220634
1305031466.695822 rgb/1305031466.695822.png 1305031466.684412 depth/1305031466.684412.png 1305031466.695435 0.862123 8.202143 -5.986966
1305031466.728074 rgb/1305031466.728074.png 1305031466.719744 depth/1305031466.719744.png 1305031466.726596 0.862123 8.441622 -5.891174
1305031466.759637 rgb/1305031466.759637.png 1305031466.748734 depth/1305031466.748734.png 1305031466.760832 0.682514 8.872683 -5.555904
1305031466.795604 rgb/1305031466.795604.png 1305031466.784300 depth/1305031466.784300.png 1305031466.796572 0.886071 9.878494 -5.531956
1305031466.827879 rgb/1305031466.827879.png 1305031466.819502 depth/1305031466.819502.png 1305031466.826586 1.053706 8.393726 -7.040672
1305031466.859665 rgb/1305031466.859665.png 1305031466.851527 depth/1305031466.851527.png 1305031466.860970 0.478957 8.010560 -5.891174
1305031466.895694 rgb/1305031466.895694.png 1305031466.883430 depth/1305031466.883430.png 1305031466.895460 0.478957 9.064266 -4.765625
1305031466.927756 rgb/1305031466.927756.png 1305031466.919411 depth/1305031466.919411.png 1305031466.926598 0.957915 8.345830 -4.358511
1305031466.959728 rgb/1305031466.959728.png 1305031466.952451 depth/1305031466.952451.png 1305031466.960959 1.209367 7.435812 -4.933260
1305031466.995712 rgb/1305031466.995712.png 1305031466.984027 depth/1305031466.984027.png 1305031466.995439 0.478957 8.010560 -5.220634
1305031467.027843 rgb/1305031467.027843.png 1305031467.020424 depth/1305031467.020424.png 1305031467.026608 1.341080 8.202143 -3.975345
1305031467.059700 rgb/1305031467.059700.png 1305031467.052391 depth/1305031467.052391.png 1305031467.060969 1.640429 6.573688 -5.699591
1305031467.095687 rgb/1305031467.095687.png 1305031467.084130 depth/1305031467.084130.png 1305031467.095550 0.910019 7.818977 -5.316426
1305031467.128974 rgb/1305031467.128974.png 1305031467.120528 depth/1305031467.120528.png 1305031467.129737 0.778306 9.184006 -5.172738
1305031467.159660 rgb/1305031467.159660.png 1305031467.152363 depth/1305031467.152363.png 1305031467.160876 0.826201 7.651342 -6.226444
1305031467.195663 rgb/1305031467.195663.png 1305031467.184216 depth/1305031467.184216.png 1305031467.195577 0.478957 8.297935 -5.316426
1305031467.227704 rgb/1305031467.227704.png 1305031467.220466 depth/1305031467.220466.png 1305031467.226565 0.682514 7.627394 -5.508009
1305031467.259694 rgb/1305031467.259694.png 1305031467.252275 depth/1305031467.252275.png 1305031467.260891 0.526853 7.818977 -5.986966
1305031467.295846 rgb/1305031467.295846.png 1305031467.284258 depth/1305031467.284258.png 1305031467.296740 0.083818 9.160058 -5.124843
1305031467.328008 rgb/1305031467.328008.png 1305031467.318028 depth/1305031467.318028.png 1305031467.327816 0.478957 8.010560 -5.879200
1305031467.359654 rgb/1305031467.359654.png 1305031467.349355 depth/1305031467.349355.png 1305031467.359843 0.478957 7.818977 -5.699591
1305031467.395756 rgb/1305031467.395756.png 1305031467.383844 depth/1305031467.383844.png 1305031467.395608 0.287374 8.585309 -5.699591
1305031467.427783 rgb/1305031467.427783.png 1305031467.420160 depth/1305031467.420160.png 1305031467.427687 0.287374 7.627394 -5.555904
1305031467.459692 rgb/1305031467.459692.png 1305031467.452057 depth/1305031467.452057.png 1305031467.459824 0.682514 7.627394 -4.358511
1305031467.496058 rgb/1305031467.496058.png 1305031467.484357 depth/1305031467.484357.png 1305031467.495639 0.119739 9.184006 -4.358511
1305031467.527663 rgb/1305031467.527663.png 1305031467.520535 depth/1305031467.520535.png 1305031467.526611 -0.239479 10.022181 -4.262720
1305031467.559763 rgb/1305031467.559763.png 1305031467.552164 depth/1305031467.552164.png 1305031467.559690 0.287374 9.351641 -4.741677
1305031467.595989 rgb/1305031467.595989.png 1305031467.584354 depth/1305031467.584354.png 1305031467.595467 0.095791 9.447432 -4.550094
1305031467.627532 rgb/1305031467.627532.png 1305031467.618680 depth/1305031467.618680.png 1305031467.626434 0.478957 8.776892 -3.400597
1305031467.659626 rgb/1305031467.659626.png 1305031467.651977 depth/1305031467.651977.png 1305031467.660826 1.161471 7.627394 -3.185066
1305031467.695886 rgb/1305031467.695886.png 1305031467.686044 depth/1305031467.686044.png 1305031467.696733 0.395140 9.351641 -3.496388
1305031467.727535 rgb/1305031467.727535.png 1305031467.718326 depth/1305031467.718326.png 1305031467.726597 0.395140 8.968475 -3.544284
1305031467.759907 rgb/1305031467.759907.png 1305031467.752580 depth/1305031467.752580.png 1305031467.760846 0.287374 8.776892 -3.304805
1305031467.796075 rgb/1305031467.796075.png 1305031467.788562 depth/1305031467.788562.png 1305031467.795504 0.095791 9.351641 -3.783762
1305031467.827800 rgb/1305031467.827800.png 1305031467.820454 depth/1305031467.820454.png 1305031467.826456 0.478957 8.824788 -3.879554
1305031467.859729 rgb/1305031467.859729.png 1305031467.852678 depth/1305031467.852678.png 1305031467.860979 0.862123 7.914769 -3.987319
1305031467.895947 rgb/1305031467.895947.png 1305031467.888472 depth/1305031467.888472.png 1305031467.895448 0.826201 8.824788 -3.400597
1305031467.927754 rgb/1305031467.927754.png 1305031467.920800 depth/1305031467.920800.png 1305031467.926564 0.107765 9.148084 -3.256909
1305031467.959826 rgb/1305031467.959826.png 1305031467.952485 depth/1305031467.952485.png 1305031467.961005 0.862123 8.776892 -3.197040
1305031467.995754 rgb/1305031467.995754.png 1305031467.988523 depth/1305031467.988523.png 1305031467.995439 1.053706 8.968475 -4.741677
1305031468.028107 rgb/1305031468.028107.png 1305031468.020491 depth/1305031468.020491.png 1305031468.027754 0.478957 9.160058 -5.316426
1305031468.059850 rgb/1305031468.059850.png 1305031468.052668 depth/1305031468.052668.png 1305031468.060850 0.478957 9.926389 -4.071137
1305031468.095867 rgb/1305031468.095867.png 1305031468.088379 depth/1305031468.088379.png 1305031468.095600 1.053706 8.968475 -4.933260
1305031468.127816 rgb/1305031468.127816.png 1305031468.120522 depth/1305031468.120522.png 1305031468.126600 0.191583 9.148084 -5.076947
1305031468.159864 rgb/1305031468.159864.png 1305031468.152356 depth/1305031468.152356.png 1305031468.160836 -0.083818 10.405347 -4.729703
1305031468.195985 rgb/1305031468.195985.png 1305031468.188327 depth/1305031468.188327.png 1305031468.195442 0.107765 10.716669 -4.933260
1305031468.228158 rgb/1305031468.228158.png 1305031468.220648 depth/1305031468.220648.png 1305031468.229818 0.826201 8.968475 -5.124843
1305031468.259754 rgb/1305031468.259754.png 1305031468.252517 depth/1305031468.252517.png 1305031468.260985 1.161471 8.872683 -6.082757
1305031468.295830 rgb/1305031468.295830.png 1305031468.288361 depth/1305031468.288361.png 1305031468.295438 1.245289 10.117972 -5.124843
1305031468.327847 rgb/1305031468.327847.png 1305031468.320522 depth/1305031468.320522.png 1305031468.326591 1.640429 8.681100 -4.789573
1305031468.359787 rgb/1305031468.359787.png 1305031468.352594 depth/1305031468.352594.png 1305031468.360834 2.011621 8.489518 -5.699591
1305031468.395860 rgb/1305031468.395860.png 1305031468.384700 depth/1305031468.384700.png 1305031468.395473 2.011621 9.926389 -5.603800
1305031468.428025 rgb/1305031468.428025.png 1305031468.420595 depth/1305031468.420595.png 1305031468.426581 2.215177 9.160058 -4.310615
1305031468.459759 rgb/1305031468.459759.png 1305031468.452605 depth/1305031468.452605.png 1305031468.460984 3.161118 7.723186 -4.933260
1305031468.495809 rgb/1305031468.495809.png 1305031468.488646 depth/1305031468.488646.png 1305031468.495444 2.742030 7.292124 -5.867226
1305031468.527756 rgb/1305031468.527756.png 1305031468.520786 depth/1305031468.520786.png 1305031468.526572 1.820038 8.489518 -5.029051
1305031468.559739 rgb/1305031468.559739.png 1305031468.552701 depth/1305031468.552701.png 1305031468.560955 1.257263 9.447432 -4.166928
1305031468.595768 rgb/1305031468.595768.png 1305031468.588614 depth/1305031468.588614.png 1305031468.595561 1.640429 8.393726 -5.316426
1305031468.627626 rgb/1305031468.627626.png 1305031468.620590 depth/1305031468.620590.png 1305031468.626581 1.257263 7.052646 -6.178549
1305031468.659579 rgb/1305031468.659579.png 1305031468.656644 depth/1305031468.656644.png 1305031468.660839 1.257263 8.010560 -5.124843
1305031468.695835 rgb/1305031468.695835.png 1305031468.688643 depth/1305031468.688643.png 1305031468.695449 1.257263 8.585309 -4.550094
1305031468.727785 rgb/1305031468.727785.png 1305031468.720560 depth/1305031468.720560.png 1305031468.727693 1.245289 7.627394 -4.382459
1305031468.759628 rgb/1305031468.759628.png 1305031468.756725 depth/1305031468.756725.png 1305031468.760841 1.544637 6.861063 -4.741677
1305031468.795796 rgb/1305031468.795796.png 1305031468.788562 depth/1305031468.788562.png 1305031468.795559 0.682514 8.752944 -4.358511
1305031468.829247 rgb/1305031468.829247.png 1305031468.817997 depth/1305031468.817997.png 1305031468.827689 0.874097 8.393726 -3.592179
1305031468.859659 rgb/1305031468.859659.png 1305031468.854887 depth/1305031468.854887.png 1305031468.859843 0.287374 7.639368 -4.933260
1305031468.895873 rgb/1305031468.895873.png 1305031468.889220 depth/1305031468.889220.png 1305031468.895586 0.119739 8.776892 -4.310615
1305031468.928141 rgb/1305031468.928141.png 1305031468.920539 depth/1305031468.920539.png 1305031468.926703 0.526853 6.382106 -4.837468
1305031468.959594 rgb/1305031468.959594.png 1305031468.956482 depth/1305031468.956482.png 1305031468.960950 0.059870 6.669480 -4.358511
1305031468.995711 rgb/1305031468.995711.png 1305031468.986011 depth/1305031468.986011.png 1305031468.995632 0.287374 7.148437 -5.220634
1305031469.027699 rgb/1305031469.027699.png 1305031469.020731 depth/1305031469.020731.png 1305031469.026575 -0.083818 6.046835 -6.082757
1305031469.059832 rgb/1305031469.059832.png 1305031469.056318 depth/1305031469.056318.png 1305031469.060969 0.107765 6.382106 -3.975345
1305031469.095723 rgb/1305031469.095723.png 1305031469.088069 depth/1305031469.088069.png 1305031469.095554 -0.275400 6.286314 -5.508009
1305031469.127679 rgb/1305031469.127679.png 1305031469.119984 depth/1305031469.119984.png 1305031469.127953 -0.275400 7.148437 -5.699591
1305031469.159703 rgb/1305031469.159703.png 1305031469.155046 depth/1305031469.155046.png 1305031469.160409 -0.275400 6.669480 -6.465923
1305031469.195540 rgb/1305031469.195540.png 1305031469.184648 depth/1305031469.184648.png 1305031469.195919 -0.239479 5.807357 -7.423838
1305031469.227754 rgb/1305031469.227754.png 1305031469.219541 depth/1305031469.219541.png 1305031469.229564 0.107765 6.286314 -5.795383
1305031469.259586 rgb/1305031469.259586.png 1305031469.256002 depth/1305031469.256002.png 1305031469.260565 0.011974 5.903148 -6.274340
1305031469.296754 rgb/1305031469.296754.png 1305031469.288263 depth/1305031469.288263.png 1305031469.296925 -0.083818 5.280504 -6.669480
1305031469.327618 rgb/1305031469.327618.png 1305031469.319772 depth/1305031469.319772.png 1305031469.325814 -0.083818 5.136817 -5.699591
1305031469.359592 rgb/1305031469.359592.png 1305031469.356116 depth/1305031469.356116.png 1305031469.360584 -0.275400 5.328400 -6.944880
1305031469.395695 rgb/1305031469.395695.png 1305031469.388556 depth/1305031469.388556.png 1305031469.395832 -1.053706 4.945234 -7.519629
1305031469.427651 rgb/1305031469.427651.png 1305031469.420278 depth/1305031469.420278.png 1305031469.429462 -1.436872 5.903148 -7.615421
1305031469.459668 rgb/1305031469.459668.png 1305031469.456563 depth/1305031469.456563.png 1305031469.456948 -1.448846 6.094731 -8.597283
1305031469.495744 rgb/1305031469.495744.png 1305031469.488520 depth/1305031469.488520.png 1305031469.495481 -1.245289 5.328400 -7.423838
1305031469.527622 rgb/1305031469.527622.png 1305031469.520417 depth/1305031469.520417.png 1305031469.526589 -1.029758 5.615774 -7.040672
1305031469.559645 rgb/1305031469.559645.png 1305031469.556139 depth/1305031469.556139.png 1305031469.560846 -0.754358 5.687618 -7.232255
1305031469.595755 rgb/1305031469.595755.png 1305031469.588500 depth/1305031469.588500.png 1305031469.597627 -0.371192 5.615774 -7.232255
1305031469.627752 rgb/1305031469.627752.png 1305031469.620563 depth/1305031469.620563.png 1305031469.626592 -0.622644 5.328400 -7.783056
1305031469.659590 rgb/1305031469.659590.png 1305031469.656279 depth/1305031469.656279.png 1305031469.660870 -0.083818 5.903148 -7.711212
1305031469.695613 rgb/1305031469.695613.png 1305031469.687925 depth/1305031469.687925.png 1305031469.696567 -0.275400 5.711565 -8.142274
1305031469.727679 rgb/1305031469.727679.png 1305031469.718943 depth/1305031469.718943.png 1305031469.726559 -0.275400 5.352347 -8.621231
1305031469.759599 rgb/1305031469.759599.png 1305031469.756754 depth/1305031469.756754.png 1305031469.759826 -0.275400 5.232608 -9.052292
1305031469.795621 rgb/1305031469.795621.png 1305031469.784733 depth/1305031469.784733.png 1305031469.796567 0.095791 5.041025 -8.621231
1305031469.827526 rgb/1305031469.827526.png 1305031469.820544 depth/1305031469.820544.png 1305031469.827715 0.011974 4.945234 -9.148084
1305031469.859574 rgb/1305031469.859574.png 1305031469.854359 depth/1305031469.854359.png 1305031469.857752 0.443035 5.519982 -8.549387
1305031469.895755 rgb/1305031469.895755.png 1305031469.885343 depth/1305031469.885343.png 1305031469.895557 0.095791 5.041025 -9.387562
1305031469.927854 rgb/1305031469.927854.png 1305031469.921773 depth/1305031469.921773.png 1305031469.927711 0.107765 5.328400 -8.669126
1305031469.959805 rgb/1305031469.959805.png 1305031469.953180 depth/1305031469.953180.png 1305031469.959686 0.191583 5.424191 -9.148084
1305031469.995551 rgb/1305031469.995551.png 1305031469.985327 depth/1305031469.985327.png 1305031469.995693 -0.275400 5.136817 -9.339667
1305031470.027694 rgb/1305031470.027694.png 1305031470.024714 depth/1305031470.024714.png 1305031470.026561 -0.275400 5.903148 -8.956501
1305031470.059638 rgb/1305031470.059638.png 1305031470.057400 depth/1305031470.057400.png 1305031470.060833 -0.371192 5.519982 -9.627041
1305031470.095944 rgb/1305031470.095944.png 1305031470.088874 depth/1305031470.088874.png 1305031470.095760 -0.371192 5.711565 -8.956501
1305031470.127633 rgb/1305031470.127633.png 1305031470.124820 depth/1305031470.124820.png 1305031470.126448 -0.478957 5.711565 -9.339667
1305031470.159626 rgb/1305031470.159626.png 1305031470.156744 depth/1305031470.156744.png 1305031470.160969 -0.287374 5.711565 -8.573335
1305031470.196092 rgb/1305031470.196092.png 1305031470.188876 depth/1305031470.188876.png 1305031470.196708 -0.275400 5.615774 -8.381752
1305031470.227618 rgb/1305031470.227618.png 1305031470.224776 depth/1305031470.224776.png 1305031470.226562 -0.478957 5.328400 -8.477544
1305031470.259965 rgb/1305031470.259965.png 1305031470.253015 depth/1305031470.253015.png 1305031470.260832 -0.478957 5.424191 -8.669126
1305031470.295718 rgb/1305031470.295718.png 1305031470.287867 depth/1305031470.287867.png 1305031470.296516 -0.371192 5.424191 -9.722832
1305031470.327644 rgb/1305031470.327644.png 1305031470.324266 depth/1305031470.324266.png 1305031470.327300 -0.275400 5.376295 -9.339667
1305031470.359624 rgb/1305031470.359624.png 1305031470.356871 depth/1305031470.356871.png 1305031470.359935 -0.191583 4.274694 -9.148084
1305031470.395823 rgb/1305031470.395823.png 1305031470.388056 depth/1305031470.388056.png 1305031470.395710 -0.574749 5.041025 -9.243875
1305031470.427641 rgb/1305031470.427641.png 1305031470.424090 depth/1305031470.424090.png 1305031470.427676 -0.622644 5.998940 -9.052292
1305031470.459721 rgb/1305031470.459721.png 1305031470.455875 depth/1305031470.455875.png 1305031470.459709 -0.658566 4.753651 -8.597283
1305031470.495686 rgb/1305031470.495686.png 1305031470.487958 depth/1305031470.487958.png 1305031470.495806 -0.658566 5.136817 -8.190169
1305031470.527689 rgb/1305031470.527689.png 1305031470.524431 depth/1305031470.524431.png 1305031470.529091 -0.670540 5.759461 -8.860709
1305031470.559677 rgb/1305031470.559677.png 1305031470.556484 depth/1305031470.556484.png 1305031470.560442 -0.850149 5.352347 -8.597283
1305031470.595760 rgb/1305031470.595760.png 1305031470.588797 depth/1305031470.588797.png 1305031470.595690 -0.574749 4.945234 -8.860709
1305031470.627729 rgb/1305031470.627729.png 1305031470.624535 depth/1305031470.624535.png 1305031470.625931 -0.275400 5.136817 -8.764918
1305031470.659690 rgb/1305031470.659690.png 1305031470.656787 depth/1305031470.656787.png 1305031470.657937 -0.371192 4.849442 -9.052292
1305031470.695630 rgb/1305031470.695630.png 1305031470.688640 depth/1305031470.688640.png 1305031470.695835 -0.658566 4.945234 -8.669126
1305031470.727654 rgb/1305031470.727654.png 1305031470.724461 depth/1305031470.724461.png 1305031470.727426 -0.275400 5.328400 -8.381752
1305031470.759682 rgb/1305031470.759682.png 1305031470.755944 depth/1305031470.755944.png 1305031470.760835 -0.275400 4.586016 -10.010207
1305031470.795615 rgb/1305031470.795615.png 1305031470.788407 depth/1305031470.788407.png 1305031470.796060 -0.083818 4.849442 -9.722832
1305031470.827831 rgb/1305031470.827831.png 1305031470.820633 depth/1305031470.820633.png 1305031470.827943 -0.191583 4.945234 -8.956501
1305031470.859645 rgb/1305031470.859645.png 1305031470.855509 depth/1305031470.855509.png 1305031470.858449 0.191583 5.232608 -9.291771
1305031470.895722 rgb/1305031470.895722.png 1305031470.886079 depth/1305031470.886079.png 1305031470.895830 0.478957 5.711565 -9.914415
1305031470.927684 rgb/1305031470.927684.png 1305031470.924410 depth/1305031470.924410.png 1305031470.927685 0.119739 5.136817 -8.381752
1305031470.959647 rgb/1305031470.959647.png 1305031470.956439 depth/1305031470.956439.png 1305031470.960972 0.059870 5.328400 -7.902795
1305031470.995996 rgb/1305031470.995996.png 1305031470.988276 depth/1305031470.988276.png 1305031470.995596 -0.275400 5.711565 -8.597283
1305031471.027644 rgb/1305031471.027644.png 1305031471.024309 depth/1305031471.024309.png 1305031471.026574 -0.083818 5.903148 -8.561361
1305031471.059636 rgb/1305031471.059636.png 1305031471.056616 depth/1305031471.056616.png 1305031471.060838 -0.275400 5.519982 -8.585309
1305031471.095777 rgb/1305031471.095777.png 1305031471.088440 depth/1305031471.088440.png 1305031471.096599 0.011974 5.376295 -7.807003
1305031471.127663 rgb/1305031471.127663.png 1305031471.123837 depth/1305031471.123837.png 1305031471.126557 -0.083818 5.519982 -6.944880
1305031471.159649 rgb/1305031471.159649.png 1305031471.155886 depth/1305031471.155886.png 1305031471.159819 0.478957 5.723539 -7.040672
1305031471.195703 rgb/1305031471.195703.png 1305031471.192698 depth/1305031471.192698.png 1305031471.195425 0.478957 4.897338 -7.998586
1305031471.227569 rgb/1305031471.227569.png 1305031471.224404 depth/1305031471.224404.png 1305031471.226576 0.095791 5.711565 -8.477544
1305031471.259722 rgb/1305031471.259722.png 1305031471.256397 depth/1305031471.256397.png 1305031471.259690 -0.083818 5.519982 -8.669126
1305031471.296068 rgb/1305031471.296068.png 1305031471.288603 depth/1305031471.288603.png 1305031471.295603 0.095791 5.328400 -7.232255
1305031471.327642 rgb/1305031471.327642.png 1305031471.324440 depth/1305031471.324440.png 1305031471.326571 -0.083818 5.998940 -8.190169
1305031471.359615 rgb/1305031471.359615.png 1305031471.356569 depth/1305031471.356569.png 1305031471.360953 -0.239479 6.142627 -9.531250
1305031471.395730 rgb/1305031471.395730.png 1305031471.392751 depth/1305031471.392751.png 1305031471.395427 0.478957 5.711565 -8.381752
1305031471.427704 rgb/1305031471.427704.png 1305031471.424494 depth/1305031471.424494.png 1305031471.426576 0.478957 5.424191 -7.423838
1305031471.459647 rgb/1305031471.459647.png 1305031471.456975 depth/1305031471.456975.png 1305031471.460821 0.395140 5.998940 -8.094378
1305031471.496491 rgb/1305031471.496491.png 1305031471.492705 depth/1305031471.492705.png 1305031471.496712 0.478957 5.136817 -8.285961
1305031471.527624 rgb/1305031471.527624.png 1305031471.524343 depth/1305031471.524343.png 1305031471.526573 0.095791 5.340374 -7.711212
1305031471.559671 rgb/1305031471.559671.png 1305031471.556561 depth/1305031471.556561.png 1305031471.560826 0.059870 5.687618 -7.998586
1305031471.595702 rgb/1305031471.595702.png 1305031471.592606 depth/1305031471.592606.png 1305031471.595552 -0.083818 5.711565 -7.807003
1305031471.627621 rgb/1305031471.627621.png 1305031471.624486 depth/1305031471.624486.png 1305031471.626572 -0.478957 6.094731 -8.238065
1305031471.659642 rgb/1305031471.659642.png 1305031471.656831 depth/1305031471.656831.png 1305031471.659830 0.011974 5.615774 -7.328046
1305031471.695609 rgb/1305031471.695609.png 1305031471.693182 depth/1305031471.693182.png 1305031471.695811 -0.275400 6.046835 -7.232255
1305031471.727501 rgb/1305031471.727501.png 1305031471.724753 depth/1305031471.724753.png 1305031471.728075 -0.275400 5.903148 -7.615421
1305031471.759702 rgb/1305031471.759702.png 1305031471.753002 depth/1305031471.753002.png 1305031471.760461 0.778306 5.232608 -7.328046
1305031471.795801 rgb/1305031471.795801.png 1305031471.792706 depth/1305031471.792706.png 1305031471.795715 0.778306 5.328400 -7.807003
1305031471.827639 rgb/1305031471.827639.png 1305031471.823821 depth/1305031471.823821.png 1305031471.826954 0.574749 5.735513 -7.615421
1305031471.859665 rgb/1305031471.859665.png 1305031471.855793 depth/1305031471.855793.png 1305031471.857946 1.209367 5.615774 -7.088568
1305031471.895604 rgb/1305031471.895604.png 1305031471.892838 depth/1305031471.892838.png 1305031471.896361 0.862123 4.945234 -7.783056
1305031471.927651 rgb/1305031471.927651.png 1305031471.924928 depth/1305031471.924928.png 1305031471.928988 0.466983 5.519982 -7.902795
1305031471.959643 rgb/1305031471.959643.png 1305031471.957162 depth/1305031471.957162.png 1305031471.960750 0.526853 5.759461 -7.232255
1305031471.995573 rgb/1305031471.995573.png 1305031471.993177 depth/1305031471.993177.png 1305031471.995815 -0.083818 5.328400 -9.339667
1305031472.027638 rgb/1305031472.027638.png 1305031472.024660 depth/1305031472.024660.png 1305031472.029451 -0.191583 6.286314 -8.238065
1305031472.059668 rgb/1305031472.059668.png 1305031472.058063 depth/1305031472.058063.png 1305031472.060458 0.826201 5.340374 -7.232255
1305031472.095601 rgb/1305031472.095601.png 1305031472.092883 depth/1305031472.092883.png 1305031472.095816 0.191583 5.328400 -9.148084
1305031472.127594 rgb/1305031472.127594.png 1305031472.124760 depth/1305031472.124760.png 1305031472.126573 -0.658566 6.525793 -9.531250
1305031472.159645 rgb/1305031472.159645.png 1305031472.156982 depth/1305031472.156982.png 1305031472.160828 -0.191583 5.711565 -8.381752
1305031472.195682 rgb/1305031472.195682.png 1305031472.192890 depth/1305031472.192890.png 1305031472.195567 -0.083818 5.519982 -7.998586
1305031472.227626 rgb/1305031472.227626.png 1305031472.224678 depth/1305031472.224678.png 1305031472.226575 -0.670540 5.735513 -9.339667
1305031472.263840 rgb/1305031472.263840.png 1305031472.256642 depth/1305031472.256642.png 1305031472.264114 -0.478957 5.711565 -7.998586
1305031472.295671 rgb/1305031472.295671.png 1305031472.293139 depth/1305031472.293139.png 1305031472.295578 -0.323296 6.046835 -7.519629
1305031472.327678 rgb/1305031472.327678.png 1305031472.324844 depth/1305031472.324844.png 1305031472.327682 -0.275400 6.669480 -8.094378
1305031472.363577 rgb/1305031472.363577.png 1305031472.360912 depth/1305031472.360912.png 1305031472.364459 0.095791 6.094731 -8.669126
1305031472.395599 rgb/1305031472.395599.png 1305031472.392956 depth/1305031472.392956.png 1305031472.396713 0.059870 5.735513 -7.519629
1305031472.427686 rgb/1305031472.427686.png 1305031472.424694 depth/1305031472.424694.png 1305031472.427685 -0.083818 5.807357 -7.328046
1305031472.463603 rgb/1305031472.463603.png 1305031472.460919 depth/1305031472.460919.png 1305031472.462947 -0.287374 6.094731 -7.807003
1305031472.495626 rgb/1305031472.495626.png 1305031472.492972 depth/1305031472.492972.png 1305031472.495584 -0.323296 5.759461 -9.531250
1305031472.527625 rgb/1305031472.527625.png 1305031472.524781 depth/1305031472.524781.png 1305031472.526574 -0.275400 5.807357 -8.285961
1305031472.563587 rgb/1305031472.563587.png 1305031472.561296 depth/1305031472.561296.png 1305031472.561947 0.107765 6.046835 -6.561715
1305031472.595675 rgb/1305031472.595675.png 1305031472.592968 depth/1305031472.592968.png 1305031472.595558 0.107765 5.711565 -7.519629
1305031472.627701 rgb/1305031472.627701.png 1305031472.624647 depth/1305031472.624647.png 1305031472.627687 0.107765 6.046835 -7.998586
1305031472.663575 rgb/1305031472.663575.png 1305031472.660836 depth/1305031472.660836.png 1305031472.661944 0.682514 5.615774 -7.807003
1305031472.695755 rgb/1305031472.695755.png 1305031472.693008 depth/1305031472.693008.png 1305031472.695433 0.478957 5.711565 -7.519629
1305031472.727628 rgb/1305031472.727628.png 1305031472.724752 depth/1305031472.724752.png 1305031472.726573 0.502905 5.711565 -7.232255
1305031472.763578 rgb/1305031472.763578.png 1305031472.760654 depth/1305031472.760654.png 1305031472.761949 0.395140 6.046835 -7.854899
1305031472.795640 rgb/1305031472.795640.png 1305031472.792775 depth/1305031472.792775.png 1305031472.796587 0.478957 5.903148 -7.902795
1305031472.827627 rgb/1305031472.827627.png 1305031472.824692 depth/1305031472.824692.png 1305031472.826569 0.287374 5.903148 -7.807003
1305031472.863598 rgb/1305031472.863598.png 1305031472.860936 depth/1305031472.860936.png 1305031472.861947 0.682514 5.711565 -7.615421
1305031472.895713 rgb/1305031472.895713.png 1305031472.892944 depth/1305031472.892944.png 1305031472.895451 0.502905 5.663670 -7.854899
1305031472.927685 rgb/1305031472.927685.png 1305031472.924814 depth/1305031472.924814.png 1305031472.927685 0.862123 5.519982 -7.807003
1305031472.963756 rgb/1305031472.963756.png 1305031472.961213 depth/1305031472.961213.png 1305031472.963426 0.778306 5.711565 -8.190169
1305031472.995704 rgb/1305031472.995704.png 1305031472.992815 depth/1305031472.992815.png 1305031472.995427 0.862123 5.711565 -7.807003
1305031473.027638 rgb/1305031473.027638.png 1305031473.024564 depth/1305031473.024564.png 1305031473.026572 0.778306 5.711565 -7.902795
1305031473.063684 rgb/1305031473.063684.png 1305031473.060795 depth/1305031473.060795.png 1305031473.063432 0.478957 5.903148 -7.854899
1305031473.095695 rgb/1305031473.095695.png 1305031473.092012 depth/1305031473.092012.png 1305031473.095732 0.191583 6.286314 -8.573335
1305031473.127744 rgb/1305031473.127744.png 1305031473.124072 depth/1305031473.124072.png 1305031473.127704 0.395140 6.094731 -8.477544
1305031473.167060 rgb/1305031473.167060.png 1305031473.158420 depth/1305031473.158420.png 1305031473.166572 0.478957 5.903148 -7.615421
1305031473.196069 rgb/1305031473.196069.png 1305031473.190828 depth/1305031473.190828.png 1305031473.196579 0.287374 6.094731 -7.759108
