0.400431 0 0 0 0 0 0 1
0.467169 -0.000166209 -0.000864899 -0.0013673 -0.000962319 0.00127162 0.000228614 0.999999
0.500538 0.000993395 0.00161053 -0.00260938 -0.000676844 0.00169644 0.00154314 0.999997
0.567277 0.000595799 0.000620893 -0.00123748 -0.000712289 0.00142601 0.00167411 0.999997
0.634015 -5.40694e-05 -0.000529372 -0.000188665 0.000950503 0.00112703 0.00184602 0.999997
0.700754 -0.000114374 -0.00275979 -0.00042485 0.00181378 0.000504542 0.000819115 0.999998
0.767492 0.00100419 -0.00228789 -0.000144392 0.00247464 0.000258937 -0.000230012 0.999997
0.800862 0.00100835 -0.00261301 -0.000774687 0.00311581 0.000957563 -0.000241664 0.999995
0.867600 0.00211182 -0.00211164 -0.00153932 0.00337691 0.00104035 0.000275737 0.999994
0.934339 0.00159671 -0.00326197 -0.00141588 0.0033276 0.00168512 -5.42078e-05 0.999993
1.001077 0.00159318 -0.0029814 -0.00138497 0.00371076 0.00159837 0.000302595 0.999992
1.101185 0.00211716 -0.00427698 -0.000603144 0.00459742 0.00140918 0.00022848 0.999988
1.167923 0.000927973 -0.00497061 0.00048369 0.00504063 0.00145404 0.000346843 0.999986
1.234662 0.00141518 -0.00617441 0.000745502 0.00505941 0.000474615 0.000527735 0.999987
1.301400 0.000318575 -0.00728935 0.00206549 0.00295724 -0.00133251 0.000169936 0.999995
1.435036 -9.09775e-05 -0.0193495 0.00821165 0.00161933 -0.00638799 0.00235807 0.999976
1.468501 -0.00241022 -0.0297962 0.0126116 0.00237259 -0.00869554 0.00260322 0.999956
1.602740 -0.0050338 -0.0678451 0.0264167 0.00604968 -0.017689 -0.000982173 0.999825
1.671193 -0.0053799 -0.0726613 0.0310425 0.00885656 -0.0206007 -0.00314481 0.999744
1.705419 -0.0105681 -0.0973826 0.0418805 0.0105862 -0.0276239 -0.00461016 0.999552
1.773872 -0.0113053 -0.11492 0.0499947 0.0171746 -0.0364473 -0.0152655 0.999071
1.910778 -0.0136252 -0.163379 0.0720312 0.0261996 -0.0495334 -0.0235765 0.99815
1.945005 -0.0166017 -0.175136 0.075574 0.0275232 -0.0498569 -0.0251496 0.99806
2.013458 -0.0193477 -0.199902 0.0852702 0.0299166 -0.0547497 -0.0253309 0.99773
2.081911 -0.0209763 -0.22246 0.094968 0.0362414 -0.0574425 -0.0298668 0.997244
2.150364 -0.0226029 -0.251895 0.0994811 0.040504 -0.0628407 -0.03107 0.996717
2.184590 -0.0225239 -0.271033 0.103524 0.0431866 -0.0699546 -0.0343809 0.996022
2.321496 -0.0272121 -0.312542 0.10945 0.0416761 -0.0807828 -0.0371289 0.995168
2.389949 -0.0280619 -0.332592 0.112859 0.0485595 -0.0858272 -0.044955 0.99411
2.424176 -0.0338903 -0.360683 0.116557 0.0526023 -0.0893755 -0.0524165 0.993226
2.492629 -0.028185 -0.378975 0.118189 0.0600429 -0.0937626 -0.0511147 0.992467
2.561082 -0.0338053 -0.385187 0.11666 0.0635105 -0.094585 -0.0530178 0.992073
2.628900 -0.0364805 -0.40794 0.11931 0.0676453 -0.0959154 -0.0571591 0.991442
2.696083 -0.037831 -0.423088 0.119307 0.0747016 -0.0981251 -0.0608033 0.990502
2.729674 -0.0352377 -0.434881 0.125151 0.0822386 -0.100705 -0.0664085 0.989285
2.796857 -0.0369052 -0.446846 0.125406 0.0891693 -0.101939 -0.070141 0.9883
2.864040 -0.0415782 -0.456397 0.120693 0.0915448 -0.100203 -0.0696892 0.988293
2.931223 -0.039756 -0.478443 0.12282 0.0967255 -0.101049 -0.0724349 0.987515
2.998406 -0.0422834 -0.485797 0.121733 0.10618 -0.100206 -0.0729489 0.986592
3.031998 -0.0355142 -0.490449 0.12706 0.116761 -0.10203 -0.0764221 0.984945
3.099181 -0.0392055 -0.501271 0.12234 0.118785 -0.100307 -0.0774066 0.984803
3.166364 -0.0396354 -0.504111 0.123773 0.126859 -0.0999623 -0.0803535 0.983594
3.233547 -0.0412955 -0.504768 0.12231 0.130985 -0.100238 -0.0813856 0.98294
3.300730 -0.0437556 -0.502693 0.121872 0.13124 -0.100728 -0.0804575 0.982933
3.334321 -0.0468401 -0.516855 0.114653 0.121341 -0.101148 -0.0783994 0.984327
3.401504 -0.0423396 -0.496771 0.119514 0.12277 -0.101401 -0.0767954 0.98425
3.468624 -0.0415794 -0.490629 0.118103 0.112825 -0.099685 -0.0713259 0.986025
3.535616 -0.0412923 -0.480756 0.120642 0.104247 -0.094267 -0.0665729 0.987833
3.602482 -0.0312333 -0.450287 0.123022 0.0992828 -0.0911111 -0.059699 0.989079
3.635883 -0.0167257 -0.43527 0.116003 0.0886918 -0.0880261 -0.059731 0.990362
3.702685 -0.0230453 -0.418954 0.118518 0.0746721 -0.0830886 -0.0545038 0.992245
3.769487 -0.0216512 -0.400964 0.128371 0.0729867 -0.0844977 -0.0485368 0.992561
3.836289 -0.0116593 -0.377683 0.130538 0.0696793 -0.087109 -0.0423178 0.992857
3.903091 -0.00994943 -0.34945 0.131981 0.0656085 -0.0855711 -0.0318863 0.993658
3.936492 -0.00314875 -0.332368 0.133157 0.0577192 -0.0837213 -0.0296876 0.994373
4.003294 0.00282582 -0.311569 0.134692 0.0546938 -0.0792839 -0.0309744 0.994868
4.070096 -0.00498286 -0.294647 0.136832 0.0565936 -0.0719214 -0.0351646 0.995182
4.136898 -0.00146669 -0.270465 0.134342 0.0559338 -0.0652648 -0.035219 0.995676
4.203700 -0.00223011 -0.246488 0.13659 0.0546303 -0.0599553 -0.0369843 0.996019
4.237101 0.00223266 -0.21743 0.132631 0.0483776 -0.0588662 -0.0399015 0.996294
4.303934 0.00123682 -0.210306 0.135123 0.0441425 -0.0552451 -0.0358043 0.996854
4.437888 0.0094612 -0.161734 0.133083 0.0338414 -0.042284 -0.0296123 0.998093
4.504975 0.0163923 -0.149631 0.131084 0.0278946 -0.0365477 -0.0294112 0.998509
4.538535 0.0143187 -0.124315 0.132113 0.0296125 -0.0284881 -0.0299122 0.998708
4.605655 0.0154109 -0.112374 0.130263 0.0296356 -0.0272464 -0.0292476 0.998761
4.672838 0.0171182 -0.0855039 0.130447 0.0306417 -0.027228 -0.0328025 0.998621
4.807235 0.0183501 -0.0376202 0.130973 0.0345305 -0.0285461 -0.0307825 0.998522
4.840859 0.0158822 -0.0198021 0.129417 0.0379783 -0.0301865 -0.0273005 0.998449
4.908105 0.0178632 -0.00854001 0.132918 0.039819 -0.0333552 -0.0243911 0.998352
5.042598 0.0140662 0.0327494 0.134646 0.0476194 -0.0430525 -0.00611567 0.997919
5.076221 0.00850752 0.0506132 0.133835 0.0483774 -0.0437872 0.00492547 0.997857
5.210714 0.00764714 0.0806722 0.136452 0.0520255 -0.0509392 0.0124789 0.997268
5.277961 0.00564775 0.101634 0.13749 0.0536631 -0.0496588 0.0155601 0.997202
5.345207 0.00122908 0.11962 0.137317 0.0564721 -0.0496193 0.0161035 0.99704
5.446045 -0.00277693 0.152103 0.137486 0.0653653 -0.0543823 0.0133316 0.996289
5.513165 -0.00334764 0.162017 0.135425 0.0671545 -0.0534917 0.0158077 0.996182
5.647086 -0.0058833 0.193002 0.132324 0.0611686 -0.0576034 0.0198686 0.996266
5.680551 -0.008268 0.212154 0.13299 0.0606918 -0.0576477 0.0206145 0.996277
5.747480 -0.0115735 0.220693 0.131586 0.06019 -0.0524573 0.0236771 0.996526
5.881338 -0.0111253 0.239984 0.129493 0.0632338 -0.0479592 0.0263433 0.996498
5.981731 -0.00722725 0.267431 0.123538 0.0633079 -0.0468266 0.024902 0.996584
6.048660 -0.00801548 0.27284 0.121646 0.0599262 -0.0484175 0.0244399 0.996728
6.182518 -0.00965509 0.278303 0.119517 0.0574365 -0.04998 0.026344 0.996749
6.249447 -0.00948359 0.282621 0.119211 0.0577658 -0.04959 0.0271074 0.996729
6.349841 -0.00931326 0.282981 0.111603 0.054544 -0.0495479 0.0238002 0.996997
6.416770 -0.00790004 0.281793 0.111651 0.0532228 -0.0489227 0.0228501 0.997122
6.483699 -0.00741837 0.284501 0.111135 0.0531263 -0.0465892 0.0219919 0.997258
