1305031453.359684 0 0 0 0 0 0 1
1305031453.391690 -0.00231098 0.00212159 -0.00613897 -0.00136538 0.0079347 0.0100589 0.999917
1305031453.459685 0.00457036 0.00790251 -0.028078 0.00319967 0.0184429 0.0282126 0.999427
1305031453.491698 0.00360682 0.0122778 -0.0379045 0.00762218 0.0264533 0.037609 0.998913
1305031453.523684 0.00248824 0.014572 -0.0547719 0.0131274 0.0320444 0.0468594 0.998301
1305031453.559753 0.0017236 0.0203689 -0.0670435 0.0204417 0.0352285 0.0530784 0.997759
1305031453.591640 0.000597791 0.0307225 -0.0828254 0.0293159 0.0381308 0.0575343 0.997184
1305031453.627706 -0.0092718 0.0343405 -0.0977868 0.0353798 0.0415613 0.0618945 0.996589
1305031453.659600 -0.0158997 0.0417638 -0.11145 0.0433463 0.0389432 0.0607309 0.996452
1305031453.691678 -0.019148 0.0544048 -0.128138 0.0514523 0.0332349 0.0563483 0.99653
1305031453.727652 -0.0257174 0.0673881 -0.135727 0.057925 0.0285174 0.0527625 0.996518
1305031453.759694 -0.0364747 0.0717172 -0.149489 0.0616848 0.0216111 0.0461595 0.996793
1305031453.791716 -0.0368568 0.0841445 -0.161865 0.0676228 0.0105175 0.0387615 0.996902
1305031453.827773 -0.0499851 0.0889834 -0.174402 0.0696103 0.00519403 0.0333133 0.997004
1305031453.859705 -0.0621227 0.0993691 -0.181691 0.0730983 -0.00568028 0.0273773 0.996933
1305031453.891710 -0.0766459 0.105678 -0.190283 0.0728232 -0.0193586 0.0216255 0.996922
1305031453.927723 -0.0853515 0.111055 -0.197035 0.0710164 -0.0371282 0.0190538 0.996602
1305031453.959641 -0.0906224 0.108074 -0.203393 0.0663921 -0.0542205 0.0111764 0.996257
1305031453.991624 -0.0963479 0.104176 -0.2083 0.0627751 -0.0669652 0.000804048 0.995778
1305031454.027662 -0.104772 0.10649 -0.21304 0.0651776 -0.0793114 -0.00794052 0.994685
1305031454.059654 -0.118417 0.106521 -0.217216 0.0651218 -0.0895559 -0.0183739 0.993681
1305031454.091651 -0.130442 0.104609 -0.219526 0.0643378 -0.10026 -0.0317219 0.992372
1305031454.127701 -0.13774 0.105643 -0.218906 0.067805 -0.115062 -0.0446297 0.990036
1305031454.159672 -0.143397 0.107195 -0.219807 0.0681946 -0.13141 -0.0564756 0.987366
1305031454.191658 -0.152111 0.10901 -0.221222 0.0661878 -0.147522 -0.0700755 0.984351
1305031454.227671 -0.158175 0.107438 -0.219333 0.06784 -0.166151 -0.085778 0.980017
1305031454.259627 -0.165195 0.111426 -0.220172 0.0743286 -0.178417 -0.102751 0.975748
1305031454.291639 -0.171937 0.115651 -0.219368 0.0735026 -0.18609 -0.114615 0.973053
1305031454.327699 -0.18265 0.113039 -0.222534 0.0729906 -0.195442 -0.127588 0.969637
1305031454.359636 -0.189781 0.118577 -0.22179 0.0809375 -0.206431 -0.142835 0.96459
1305031454.391677 -0.191833 0.120649 -0.221782 0.0821626 -0.215725 -0.155174 0.960538
1305031454.427465 -0.200688 0.121445 -0.22546 0.0827057 -0.227129 -0.168974 0.955521
1305031454.459913 -0.20236 0.125938 -0.221756 0.0864558 -0.238184 -0.184125 0.94968
1305031454.491617 -0.208264 0.131899 -0.222656 0.0890579 -0.242769 -0.199912 0.945075
1305031454.527700 -0.211392 0.139324 -0.224437 0.0902297 -0.248879 -0.216172 0.93978
1305031454.559575 -0.217554 0.149625 -0.227581 0.0889387 -0.253305 -0.227647 0.936004
1305031454.591635 -0.223884 0.15449 -0.23145 0.0868534 -0.262188 -0.244336 0.929523
1305031454.627580 -0.221159 0.158694 -0.230139 0.0860068 -0.276648 -0.256932 0.921984
1305031454.659528 -0.218073 0.165431 -0.230076 0.0807886 -0.289608 -0.262138 0.916997
1305031454.691884 -0.215191 0.167533 -0.230352 0.0731769 -0.304143 -0.266446 0.911674
1305031454.727659 -0.208246 0.169892 -0.228546 0.0697312 -0.31845 -0.270395 0.905877
1305031454.791641 -0.196593 0.179274 -0.226899 0.0595293 -0.328637 -0.259867 0.906048
1305031454.827570 -0.189547 0.188612 -0.221802 0.0559984 -0.331512 -0.252581 0.907285
1305031454.891764 -0.185408 0.202899 -0.221208 0.0465513 -0.323962 -0.238223 0.914402
1305031454.959648 -0.187701 0.219592 -0.228913 0.0393463 -0.311271 -0.22649 0.922098
1305031454.991937 -0.194049 0.229996 -0.236988 0.0374601 -0.305513 -0.221081 0.925409
1305031455.059636 -0.198932 0.247921 -0.239583 0.0357018 -0.302712 -0.215101 0.927805
1305031455.091700 -0.205219 0.256436 -0.247453 0.0379375 -0.297759 -0.21486 0.929374
1305031455.127695 -0.211164 0.269703 -0.250495 0.0406266 -0.293078 -0.213277 0.931111
1305031455.159720 -0.222868 0.278689 -0.257262 0.0397978 -0.286679 -0.210372 0.933796
1305031455.191655 -0.234243 0.289148 -0.262093 0.0372953 -0.28168 -0.205069 0.936596
1305031455.227581 -0.244859 0.293767 -0.267795 0.0357479 -0.277543 -0.199649 0.939059
1305031455.259631 -0.252533 0.307231 -0.269743 0.0350222 -0.273127 -0.193571 0.94165
1305031455.291831 -0.267997 0.313174 -0.275739 0.027096 -0.265171 -0.18531 0.945838
1305031455.327766 -0.279709 0.319792 -0.284461 0.0204101 -0.260897 -0.173918 0.949352
1305031455.359630 -0.285937 0.32839 -0.283954 0.013099 -0.260552 -0.167135 0.950793
1305031455.391665 -0.301354 0.328607 -0.289066 0.00211632 -0.25129 -0.161098 0.954409
1305031455.427642 -0.315742 0.330259 -0.297034 -0.0066233 -0.242785 -0.150979 0.958236
1305031455.459589 -0.32877 0.327119 -0.302395 -0.0143036 -0.238806 -0.141484 0.960598
1305031455.491637 -0.341689 0.332424 -0.309033 -0.0178641 -0.234319 -0.13151 0.963058
1305031455.527610 -0.359695 0.330268 -0.319574 -0.0246261 -0.228062 -0.118303 0.966119
1305031455.559669 -0.37745 0.332259 -0.333037 -0.0269198 -0.22528 -0.105338 0.968209
1305031455.591645 -0.391313 0.337019 -0.342461 -0.0285512 -0.224885 -0.0916746 0.969643
1305031455.627617 -0.408096 0.33285 -0.351414 -0.0349326 -0.220909 -0.0797334 0.971402
1305031455.659615 -0.424274 0.328951 -0.364485 -0.0332639 -0.217237 -0.0736031 0.972771
1305031455.691605 -0.439383 0.331466 -0.373857 -0.0285586 -0.214693 -0.0744705 0.973419
1305031455.727628 -0.452955 0.329364 -0.382248 -0.0265179 -0.211583 -0.0794207 0.973767
1305031455.759683 -0.467493 0.325879 -0.396948 -0.0254866 -0.204934 -0.0834475 0.974879
1305031455.791666 -0.484839 0.315477 -0.412173 -0.0259361 -0.197736 -0.0835298 0.976346
1305031455.827590 -0.500212 0.31423 -0.427594 -0.0226063 -0.192886 -0.0834695 0.977403
1305031455.859526 -0.512695 0.308837 -0.441244 -0.0229563 -0.190167 -0.0848144 0.977812
1305031455.891657 -0.522923 0.304534 -0.451341 -0.0229399 -0.187452 -0.0852957 0.978294
1305031455.927955 -0.536433 0.301579 -0.46215 -0.023055 -0.182569 -0.0866933 0.979092
1305031455.959716 -0.547119 0.299009 -0.474188 -0.0223251 -0.178245 -0.0896324 0.979641
1305031455.991694 -0.558929 0.295442 -0.483352 -0.0242673 -0.172693 -0.0927657 0.980297
1305031456.027770 -0.569834 0.298551 -0.493502 -0.0269655 -0.16555 -0.0972314 0.981026
1305031456.059713 -0.585651 0.290666 -0.497513 -0.0367039 -0.159103 -0.10613 0.980854
1305031456.091707 -0.603017 0.2803 -0.505141 -0.0432907 -0.152192 -0.112812 0.980937
1305031456.127645 -0.614872 0.271583 -0.512411 -0.0458617 -0.146967 -0.114717 0.981396
1305031456.159731 -0.62669 0.264457 -0.513442 -0.0468712 -0.140928 -0.116223 0.982056
1305031456.191658 -0.639948 0.254935 -0.520266 -0.0437928 -0.131536 -0.115005 0.983643
1305031456.227678 -0.64747 0.263503 -0.524391 -0.0370512 -0.121866 -0.112449 0.98546
1305031456.291675 -0.669607 0.249418 -0.517599 -0.037699 -0.100619 -0.105719 0.988574
1305031456.327718 -0.684045 0.243453 -0.517743 -0.0342999 -0.0886586 -0.10055 0.99038
1305031456.391619 -0.696407 0.240676 -0.502014 -0.0297385 -0.0691414 -0.0902044 0.993075
1305031456.427662 -0.72461 0.240989 -0.507681 -0.0233906 -0.0517249 -0.0847276 0.994786
1305031456.491677 -0.762507 0.256716 -0.5005 -0.0251287 -0.0394074 -0.072615 0.996264
1305031456.527641 -0.772843 0.255341 -0.486512 -0.0315931 -0.0413459 -0.0672775 0.996376
1305031456.591651 -0.79571 0.252926 -0.475983 -0.0351879 -0.0350299 -0.0569941 0.997139
1305031456.627612 -0.806627 0.271169 -0.461955 -0.0416569 -0.029118 -0.0510743 0.997401
1305031456.691612 -0.850676 0.251622 -0.442889 -0.0575978 -0.0111527 -0.0389011 0.997519
1305031456.727693 -0.855492 0.262622 -0.429767 -0.0603795 -0.0125129 -0.0269142 0.997734
1305031456.791649 -0.901452 0.249374 -0.415212 -0.0664826 -0.0127689 -0.0159757 0.997578
1305031456.827603 -0.888429 0.270811 -0.39816 -0.0625097 -0.02491 -0.00308754 0.997729
1305031456.891672 -0.907949 0.268313 -0.372803 -0.0718024 -0.0207713 0.00581424 0.997186
1305031456.927690 -0.919801 0.268492 -0.366862 -0.0688848 -0.0143002 0.0124027 0.997445
1305031456.959667 -0.934306 0.282355 -0.361963 -0.0674923 -0.00679424 0.0177273 0.997539
1305031456.991709 -0.948801 0.280614 -0.351387 -0.0758482 -0.000727314 0.0187207 0.996943
1305031457.027648 -0.960876 0.278185 -0.347622 -0.078791 0.00431802 0.0218714 0.996642
1305031457.091655 -0.977338 0.280542 -0.340865 -0.091505 0.012169 0.0323747 0.995204
1305031457.127632 -0.997007 0.273364 -0.33934 -0.0956113 0.0231391 0.0346635 0.994546
1305031457.191735 -1.01735 0.27578 -0.345824 -0.0921224 0.0367837 0.0480483 0.993907
1305031457.227543 -1.03842 0.272911 -0.349171 -0.0955419 0.0478657 0.0523032 0.992897
1305031457.291656 -1.06157 0.268138 -0.36046 -0.0851316 0.0622128 0.0638326 0.992375
1305031457.327548 -1.08095 0.269138 -0.371057 -0.0814512 0.0750221 0.0678539 0.991531
1305031457.391684 -1.10573 0.264704 -0.382136 -0.0744878 0.0955674 0.0799899 0.989404
1305031457.427641 -1.1329 0.255371 -0.392418 -0.0739747 0.109099 0.0868602 0.987462
1305031457.491705 -1.1621 0.250715 -0.405552 -0.0692834 0.114903 0.0946665 0.986425
1305031457.527638 -1.17396 0.244706 -0.416393 -0.0654197 0.117768 0.0981377 0.986012
1305031457.559685 -1.18742 0.238099 -0.426708 -0.0625058 0.122787 0.101951 0.985202
1305031457.591678 -1.20311 0.234572 -0.43506 -0.0597503 0.127651 0.105542 0.984376
1305031457.627526 -1.21835 0.223823 -0.43942 -0.0608553 0.130404 0.108529 0.983622
1305031457.659632 -1.23653 0.224917 -0.446556 -0.0559548 0.134159 0.111715 0.983052
1305031457.691570 -1.25194 0.219856 -0.450343 -0.0603385 0.135303 0.115203 0.982233
1305031457.727669 -1.26362 0.198058 -0.455674 -0.0661034 0.13681 0.114702 0.981711
1305031457.759556 -1.27768 0.188515 -0.460663 -0.0636426 0.139697 0.112636 0.981706
1305031457.791567 -1.28977 0.173368 -0.465085 -0.0582936 0.144848 0.11092 0.981487
1305031457.827699 -1.30726 0.1737 -0.473852 -0.0473633 0.153867 0.110657 0.980733
1305031457.859623 -1.3209 0.170616 -0.475764 -0.0435113 0.161958 0.110035 0.979678
1305031457.891593 -1.33965 0.150424 -0.475813 -0.0391298 0.171739 0.110093 0.978189
1305031457.927633 -1.35907 0.152382 -0.478575 -0.0241005 0.177389 0.112828 0.977355
1305031457.991644 -1.39407 0.146741 -0.474154 -0.00995372 0.183532 0.116436 0.976043
1305031458.027845 -1.39986 0.142632 -0.472099 -0.000362913 0.185469 0.117044 0.975655
1305031458.059689 -1.41913 0.140759 -0.473098 0.00742023 0.192045 0.118943 0.974123
1305031458.127605 -1.43824 0.135519 -0.456229 0.0072121 0.1983 0.122913 0.972377
1305031458.159638 -1.46209 0.124037 -0.438596 0.00735771 0.20539 0.123116 0.970877
1305031458.191646 -1.48328 0.121421 -0.433044 0.00767513 0.207252 0.126475 0.970047
1305031458.227611 -1.488 0.109805 -0.422027 -0.00182286 0.202226 0.12813 0.970919
1305031458.259934 -1.49519 0.0889879 -0.393347 -0.00635936 0.200695 0.126519 0.971429
1305031458.291664 -1.53575 0.109281 -0.368624 0.0126959 0.206808 0.122416 0.97061
1305031458.327628 -1.52185 0.0631147 -0.36386 -0.00369179 0.193468 0.128355 0.972667
1305031458.359590 -1.54416 0.0722504 -0.329419 0.0120554 0.196045 0.127312 0.972221
1305031458.391626 -1.56354 0.0861768 -0.316309 0.0296343 0.197033 0.127395 0.971633
1305031458.427598 -1.56307 0.0799978 -0.303004 0.03575 0.195333 0.135684 0.970648
1305031458.459637 -1.55616 0.079487 -0.280278 0.0501606 0.198609 0.142083 0.968427
1305031458.491696 -1.54879 0.0793123 -0.260959 0.069159 0.204922 0.142 0.96595
1305031458.527737 -1.56986 0.102726 -0.248467 0.0922486 0.217707 0.13581 0.962107
1305031458.559628 -1.5592 0.0958652 -0.234956 0.0941528 0.220632 0.135816 0.961255
1305031458.591641 -1.56903 0.106302 -0.206966 0.106154 0.228381 0.127758 0.959297
1305031458.627659 -1.5877 0.11601 -0.202351 0.107091 0.231562 0.123312 0.959012
1305031458.659623 -1.59306 0.117913 -0.184857 0.101365 0.226854 0.12369 0.96071
1305031458.691674 -1.58551 0.118241 -0.166394 0.0949255 0.209286 0.118778 0.965961
1305031458.727650 -1.58256 0.138987 -0.116835 0.102709 0.198961 0.105727 0.968859
1305031458.759945 -1.57905 0.145857 -0.0999154 0.108908 0.183457 0.0949128 0.972355
1305031458.791632 -1.57849 0.157964 -0.0861124 0.109646 0.169317 0.0846189 0.975781
1305031458.827564 -1.56945 0.152241 -0.0756549 0.101705 0.159076 0.0843646 0.978383
1305031458.891665 -1.56358 0.143893 -0.0594089 0.105801 0.155455 0.0759274 0.979222
1305031458.927621 -1.58393 0.150214 -0.0516686 0.107004 0.167843 0.0800209 0.976717
1305031458.959617 -1.58695 0.132239 -0.0416735 0.0949555 0.173609 0.0950205 0.97561
1305031458.991647 -1.59797 0.125043 -0.0112536 0.100145 0.180735 0.0931186 0.973979
1305031459.027665 -1.62947 0.113869 0.002378 0.10752 0.186641 0.0913738 0.972242
1305031459.059631 -1.65743 0.0941043 0.00176895 0.111128 0.184468 0.102003 0.971194
1305031459.127618 -1.70695 0.0787593 0.0434549 0.133996 0.158739 0.111877 0.971767
1305031459.159639 -1.71493 0.0718432 0.0514097 0.141786 0.136018 0.117138 0.973486
1305031459.191674 -1.72888 0.0706013 0.060157 0.148289 0.121423 0.125874 0.973356
1305031459.227607 -1.73112 0.0749033 0.0791757 0.152749 0.110509 0.136301 0.972562
1305031459.259760 -1.7349 0.0777045 0.087432 0.153514 0.107671 0.146155 0.971328
1305031459.327632 -1.75444 0.0690191 0.0957639 0.146067 0.14135 0.177441 0.962912
1305031459.359651 -1.7616 0.0801878 0.110196 0.153358 0.163742 0.196361 0.954522
1305031459.391667 -1.78551 0.0980602 0.126701 0.155281 0.195521 0.21944 0.943136
1305031459.427646 -1.79254 0.0980781 0.127746 0.144351 0.226224 0.255365 0.928856
1305031459.459679 -1.80875 0.0970221 0.139104 0.145246 0.261538 0.291298 0.908651
1305031459.527594 -1.82021 0.0934405 0.117466 0.122916 0.284503 0.359112 0.880334
1305031459.559647 -1.84484 0.0931244 0.151662 0.123156 0.311312 0.37391 0.864933
1305031459.591695 -1.8598 0.0968682 0.160721 0.125493 0.316201 0.390226 0.855566
1305031459.627608 -1.8627 0.100721 0.172931 0.12621 0.315084 0.400446 0.851138
1305031459.691604 -1.88148 0.0981402 0.180919 0.120991 0.327417 0.407137 0.844037
1305031459.727551 -1.8931 0.0799659 0.203158 0.114082 0.3396 0.409123 0.839212
1305031459.791650 -1.92011 0.0608472 0.21882 0.116462 0.350898 0.400982 0.838165
1305031459.827664 -1.93478 0.0467332 0.222661 0.11405 0.351744 0.399041 0.839068
1305031459.859660 -1.94768 0.0341245 0.229013 0.109911 0.350879 0.39842 0.840277
1305031459.891596 -1.95479 0.0182536 0.237357 0.103859 0.347703 0.400669 0.841297
1305031459.927607 -1.96065 0.00109344 0.23958 0.10101 0.344131 0.403986 0.841526
1305031459.991725 -1.97488 -0.0213914 0.257385 0.0979154 0.342283 0.410291 0.839593
1305031460.027565 -1.97494 -0.0352632 0.266979 0.0966178 0.342248 0.413604 0.838131
1305031460.059659 -1.98053 -0.0512917 0.271281 0.0961052 0.342395 0.416485 0.836702
1305031460.091717 -1.9912 -0.071422 0.283244 0.0968722 0.342027 0.421423 0.834288
1305031460.127690 -1.99615 -0.0898462 0.298794 0.101692 0.338169 0.429296 0.831267
1305031460.159678 -1.99827 -0.0983587 0.298398 0.10895 0.328232 0.437817 0.829886
1305031460.191559 -1.99788 -0.107608 0.302336 0.110121 0.319772 0.446468 0.828424
1305031460.227761 -1.98058 -0.117032 0.300416 0.108365 0.313294 0.453658 0.827223
1305031460.291689 -1.97578 -0.129078 0.309107 0.111188 0.325844 0.452907 0.822398
1305031460.327512 -1.98725 -0.153899 0.317895 0.107925 0.340645 0.453327 0.816583
1305031460.391611 -1.98603 -0.162633 0.330461 0.106506 0.356957 0.457155 0.807618
1305031460.427477 -1.98609 -0.175249 0.336166 0.104493 0.367377 0.461531 0.80069
1305031460.459620 -1.98752 -0.180161 0.341076 0.10326 0.378765 0.463709 0.79426
1305031460.491504 -1.99378 -0.196411 0.349288 0.0945469 0.394823 0.468982 0.784367
1305031460.527570 -1.99299 -0.214802 0.359081 0.0859147 0.407296 0.479257 0.772685
1305031460.559647 -1.98919 -0.220858 0.367103 0.0814027 0.416015 0.482844 0.766268
1305031460.627625 -1.99046 -0.240672 0.380182 0.0744342 0.433451 0.484377 0.75628
1305031460.659764 -1.99272 -0.249995 0.384723 0.0722553 0.440224 0.482982 0.753466
1305031460.691671 -1.99661 -0.267091 0.399491 0.0666943 0.448525 0.483507 0.748732
1305031460.727675 -1.99443 -0.275929 0.411719 0.061565 0.452355 0.483263 0.747022
1305031460.791660 -1.99327 -0.299161 0.425258 0.0546056 0.460967 0.481985 0.743113
1305031460.827660 -1.99015 -0.307119 0.437837 0.049317 0.463874 0.4796 0.743218
1305031460.891774 -1.98201 -0.327244 0.453096 0.0340466 0.471209 0.476343 0.741552
1305031460.927562 -1.97665 -0.347728 0.471124 0.0232473 0.47725 0.476103 0.738254
1305031460.991668 -1.96162 -0.356261 0.481818 0.0244924 0.479554 0.47737 0.735898
1305031461.027620 -1.95224 -0.380498 0.49031 0.018853 0.483032 0.479636 0.732307
1305031461.091728 -1.94224 -0.395753 0.510201 0.0197712 0.484586 0.479488 0.731352
1305031461.127586 -1.93503 -0.393231 0.510631 0.0218549 0.482271 0.477318 0.734237
1305031461.159720 -1.92811 -0.399301 0.51788 0.0246602 0.484401 0.475124 0.73417
1305031461.192013 -1.92351 -0.406396 0.523903 0.0250755 0.485642 0.47088 0.736068
1305031461.259642 -1.91155 -0.416437 0.536008 0.0256661 0.488398 0.465187 0.737841
1305031461.327751 -1.90227 -0.419108 0.542815 0.0268537 0.490632 0.454586 0.742907
1305031461.391708 -1.8836 -0.432332 0.561787 0.00939503 0.495836 0.453915 0.740283
1305031461.459781 -1.87127 -0.438163 0.565454 0.00217279 0.495222 0.455091 0.740029
1305031461.491677 -1.86021 -0.433981 0.573051 0.00206507 0.497899 0.454144 0.738814
1305031461.591690 -1.85644 -0.424346 0.561436 0.00604429 0.506389 0.443876 0.739261
1305031461.659622 -1.85151 -0.424386 0.555962 -0.00211262 0.514398 0.444277 0.73349
1305031461.727602 -1.84206 -0.420221 0.54793 -0.00840952 0.514913 0.456142 0.725761
1305031461.791612 -1.84591 -0.401446 0.535152 -0.00942545 0.516456 0.46195 0.720962
1305031461.859767 -1.85332 -0.382214 0.529232 -0.00920659 0.524957 0.469992 0.709537
1305031461.927758 -1.85218 -0.366211 0.530125 -0.0190042 0.524994 0.489537 0.69597
1305031461.959703 -1.85843 -0.339521 0.512624 -0.0142779 0.522744 0.492988 0.69534
1305031461.991590 -1.86648 -0.332684 0.516929 -0.0221815 0.530469 0.497969 0.685665
1305031462.027675 -1.8713 -0.326345 0.529152 -0.0273312 0.533869 0.507382 0.67587
1305031462.059837 -1.87363 -0.319324 0.532384 -0.0275381 0.530284 0.519123 0.66974
1305031462.091777 -1.8751 -0.306762 0.529082 -0.0249422 0.523282 0.530685 0.666279
1305031462.127739 -1.87969 -0.293144 0.519927 -0.0228305 0.516019 0.540467 0.664152
1305031462.159646 -1.88238 -0.2845 0.51686 -0.0232603 0.512039 0.547589 0.661378
1305031462.191641 -1.88627 -0.274629 0.505955 -0.0257848 0.505802 0.549524 0.664472
1305031462.259765 -1.8975 -0.261048 0.508452 -0.0358206 0.503296 0.551505 0.664268
1305031462.327540 -1.9066 -0.246549 0.508102 -0.0493564 0.495095 0.547372 0.672926
1305031462.391695 -1.91999 -0.232228 0.515836 -0.0652024 0.488556 0.540478 0.681869
1305031462.459897 -1.93482 -0.219058 0.52169 -0.0812161 0.474171 0.53538 0.694215
1305031462.492008 -1.94218 -0.206894 0.522015 -0.0875524 0.464721 0.533044 0.701593
1305031462.559862 -1.95413 -0.200455 0.518037 -0.100058 0.447131 0.527113 0.715691
1305031462.591862 -1.95855 -0.193503 0.506712 -0.102677 0.437825 0.522167 0.724644
1305031462.659660 -1.97111 -0.187913 0.494652 -0.10987 0.430874 0.506276 0.738892
1305031462.727652 -1.99191 -0.179295 0.488789 -0.110055 0.426339 0.486108 0.754866
1305031462.759782 -2.0015 -0.170407 0.479838 -0.109606 0.418664 0.476417 0.765332
1305031462.827816 -2.01915 -0.15571 0.460867 -0.111434 0.407233 0.464877 0.778224
1305031462.859782 -2.02562 -0.141019 0.448351 -0.11207 0.400933 0.459419 0.784619
1305031462.891847 -2.02766 -0.133204 0.431846 -0.114027 0.397112 0.457574 0.787354
1305031462.927607 -2.02994 -0.128757 0.419261 -0.115677 0.395913 0.457283 0.787886
1305031462.959676 -2.03306 -0.123381 0.406969 -0.115136 0.393035 0.455937 0.790183
1305031462.995550 -2.02967 -0.116267 0.391854 -0.112477 0.38754 0.453567 0.794631
1305031463.027667 -2.03064 -0.112009 0.374346 -0.108279 0.382714 0.448237 0.800555
1305031463.059810 -2.03916 -0.105003 0.360463 -0.103218 0.378932 0.43975 0.807698
1305031463.095809 -2.04276 -0.085462 0.342518 -0.0973763 0.371561 0.42901 0.817564
1305031463.127550 -2.03849 -0.0792322 0.326125 -0.0958773 0.367101 0.420955 0.823918
1305031463.159787 -2.04387 -0.0777673 0.311228 -0.0941277 0.366664 0.412014 0.828819
1305031463.195657 -2.05071 -0.0629233 0.293412 -0.0907273 0.363526 0.402507 0.835228
1305031463.227784 -2.04757 -0.0467027 0.283923 -0.0882946 0.36077 0.396006 0.839779
1305031463.260034 -2.0461 -0.0523014 0.270767 -0.0889185 0.362317 0.392729 0.840585
1305031463.295737 -2.04847 -0.0419304 0.254645 -0.0846427 0.36048 0.387309 0.844323
1305031463.327739 -2.04525 -0.0263335 0.247321 -0.0813183 0.357173 0.382286 0.848335
1305031463.359750 -2.03983 -0.0291212 0.23601 -0.0804285 0.354419 0.380137 0.850538
1305031463.395630 -2.03854 -0.019176 0.219696 -0.0747151 0.348954 0.377508 0.85448
1305031463.427716 -2.0292 0.00238801 0.204465 -0.0695016 0.341556 0.373369 0.859712
1305031463.459756 -2.02238 0.0119931 0.1876 -0.0689015 0.338261 0.370914 0.862122
1305031463.495629 -2.01298 0.0269872 0.172815 -0.068012 0.336474 0.368576 0.863893
1305031463.527670 -2.00373 0.0377994 0.162428 -0.0666451 0.34004 0.364879 0.864173
1305031463.559751 -2.00385 0.0376808 0.151764 -0.066023 0.345917 0.36433 0.862117
1305031463.595600 -1.99631 0.0492427 0.138952 -0.063663 0.342394 0.364419 0.863662
1305031463.627588 -1.98237 0.0576652 0.123995 -0.0612759 0.338474 0.362516 0.866177
1305031463.659766 -1.98122 0.0532161 0.109514 -0.0576559 0.344199 0.358032 0.866035
1305031463.695640 -1.97538 0.0640724 0.0871545 -0.0511504 0.340706 0.356193 0.868579
1305031463.727588 -1.9552 0.0793755 0.0704923 -0.0474674 0.334639 0.353666 0.872172
1305031463.759674 -1.95021 0.0690791 0.0564801 -0.047658 0.341786 0.34664 0.872211
1305031463.795647 -1.94358 0.0713714 0.0332233 -0.0434672 0.342558 0.338139 0.875458
1305031463.827761 -1.92628 0.0823911 0.00947895 -0.0406983 0.336982 0.329039 0.881204
1305031463.859910 -1.91626 0.0768461 -0.0101808 -0.0417716 0.338599 0.318712 0.884324
1305031463.895648 -1.91088 0.0691917 -0.0322015 -0.0420064 0.340421 0.31022 0.88663
1305031463.927664 -1.90175 0.0717881 -0.0487704 -0.0397538 0.338153 0.304532 0.889569
1305031463.959680 -1.89149 0.0677558 -0.068057 -0.0385538 0.333429 0.299124 0.893232
1305031463.995821 -1.88424 0.0601886 -0.0893629 -0.0368162 0.330434 0.292467 0.896616
1305031464.027703 -1.87098 0.0633177 -0.116305 -0.0345677 0.32275 0.284905 0.901924
1305031464.059652 -1.86103 0.0591739 -0.132445 -0.0347875 0.321554 0.275933 0.905127
1305031464.095634 -1.85729 0.0513915 -0.149656 -0.0333167 0.323701 0.26618 0.907335
1305031464.127681 -1.85666 0.046802 -0.167312 -0.0308302 0.323103 0.260635 0.909243
1305031464.159817 -1.8552 0.0364406 -0.1783 -0.0267619 0.321529 0.258549 0.910525
1305031464.195585 -1.85294 0.0236934 -0.192576 -0.0200096 0.316494 0.254376 0.913632
1305031464.227624 -1.85348 0.0255015 -0.21439 -0.00793717 0.30641 0.250272 0.918376
1305031464.259644 -1.85707 0.0326002 -0.230978 0.00247405 0.293326 0.24727 0.923478
1305031464.295667 -1.84587 0.0375334 -0.249283 0.00812442 0.274586 0.244574 0.929903
1305031464.327866 -1.83359 0.0414444 -0.266681 0.0118844 0.259671 0.238818 0.935626
1305031464.359684 -1.81454 0.0412637 -0.282334 0.0161018 0.247577 0.235437 0.939689
1305031464.395611 -1.8005 0.0463418 -0.306528 0.0216416 0.239139 0.228288 0.943519
1305031464.427634 -1.78092 0.0588254 -0.326939 0.0255837 0.233065 0.219602 0.946996
1305031464.459689 -1.77654 0.0551028 -0.340299 0.0267163 0.232278 0.210275 0.949272
1305031464.495633 -1.76659 0.0539284 -0.360135 0.027689 0.229248 0.203894 0.951371
1305031464.527574 -1.75698 0.058371 -0.38064 0.0297498 0.227348 0.196632 0.953291
1305031464.559703 -1.74551 0.0551646 -0.400127 0.02588 0.224017 0.186381 0.956247
1305031464.595698 -1.7156 0.0479483 -0.422418 0.0256372 0.221941 0.176251 0.958656
1305031464.627672 -1.71318 0.0469921 -0.43911 0.0334909 0.234613 0.164257 0.957525
1305031464.659749 -1.70631 0.0439185 -0.461184 0.0397037 0.244809 0.151461 0.956845
1305031464.695663 -1.69941 0.0304586 -0.470253 0.0473969 0.256344 0.133774 0.95611
1305031464.727652 -1.70429 0.0148176 -0.480727 0.0575515 0.265014 0.115313 0.955593
1305031464.759740 -1.69945 0.0269005 -0.500296 0.0704208 0.262679 0.0963527 0.957474
1305031464.796021 -1.69152 0.0198717 -0.50498 0.0745727 0.256971 0.0777712 0.960394
1305031464.827759 -1.69852 0.0116241 -0.507599 0.0816557 0.248926 0.0616102 0.963106
1305031464.859654 -1.67023 0.0205121 -0.534718 0.0879033 0.224535 0.0468166 0.969363
1305031464.895817 -1.649 0.0186149 -0.54915 0.083638 0.205315 0.0272562 0.974735
1305031464.927799 -1.62255 0.0132421 -0.541796 0.0807103 0.191288 0.00790854 0.978178
1305031464.959763 -1.60244 0.00722387 -0.53078 0.0823074 0.184991 -0.00988803 0.979238
1305031464.995687 -1.5787 0.00870691 -0.531501 0.0864725 0.180514 -0.0286601 0.979345
1305031465.027823 -1.56176 0.00737926 -0.525477 0.087597 0.178488 -0.0486785 0.978825
1305031465.059749 -1.56206 0.0118743 -0.521671 0.0903955 0.174604 -0.0675075 0.978154
1305031465.095700 -1.55739 0.0238314 -0.524061 0.0813067 0.164031 -0.0777923 0.980016
1305031465.127664 -1.51355 0.0264745 -0.522112 0.0639363 0.142116 -0.0875851 0.983892
1305031465.159842 -1.50677 0.0242833 -0.501168 0.0454931 0.132976 -0.0944734 0.985557
1305031465.195564 -1.49491 0.0297568 -0.481827 0.0332996 0.123725 -0.102687 0.986427
1305031465.227907 -1.47565 0.0430884 -0.4673 0.0234484 0.11398 -0.10805 0.987312
1305031465.259807 -1.46225 0.046581 -0.449308 0.0121312 0.106063 -0.108861 0.988308
1305031465.295623 -1.45811 0.0529421 -0.431665 0.00684038 0.101315 -0.100964 0.989694
1305031465.327674 -1.43569 0.066055 -0.423385 0.00279897 0.0874678 -0.086437 0.992406
1305031465.359948 -1.42187 0.0737379 -0.407473 0.000772956 0.0740539 -0.0739645 0.994507
1305031465.395586 -1.40128 0.0836769 -0.400107 0.00377244 0.0578725 -0.0628919 0.996334
1305031465.427697 -1.3717 0.0962901 -0.400423 0.00865587 0.0425013 -0.0518397 0.997713
1305031465.460125 -1.34593 0.112356 -0.401823 0.0140203 0.0301032 -0.037854 0.998731
1305031465.495703 -1.31596 0.131656 -0.405239 0.0154661 0.0164325 -0.0263209 0.999399
1305031465.527622 -1.29045 0.138345 -0.400144 0.0145768 0.00461035 -0.021741 0.999647
1305031465.595599 -1.247 0.159679 -0.415782 0.0253698 -0.00903693 -0.0086055 0.9996
1305031465.627688 -1.23033 0.177594 -0.420317 0.0316554 -0.0130645 0.00191272 0.999412
1305031465.660060 -1.21502 0.192813 -0.426302 0.0370239 -0.0215208 0.00968331 0.999036
1305031465.695668 -1.1799 0.212427 -0.431477 0.044783 -0.0338158 0.017074 0.998278
1305031465.727682 -1.15773 0.230228 -0.437784 0.0527351 -0.0381494 0.0258546 0.997545
1305031465.759766 -1.13474 0.253317 -0.443126 0.0615797 -0.0440213 0.0363369 0.996469
1305031465.795937 -1.10498 0.276612 -0.445708 0.0690161 -0.0510411 0.0424702 0.995403
1305031465.827996 -1.08554 0.2937 -0.448214 0.0780171 -0.0540987 0.0482694 0.994312
1305031465.859861 -1.05923 0.323549 -0.457681 0.0909442 -0.0583498 0.052798 0.992742
1305031465.895494 -1.01693 0.347515 -0.464971 0.0943064 -0.0627751 0.0592991 0.991791
1305031465.927495 -0.990745 0.36391 -0.457923 0.10009 -0.0595626 0.060474 0.991351
1305031465.959710 -0.974201 0.385277 -0.463776 0.110507 -0.0518493 0.0594397 0.990741
1305031465.995753 -0.95512 0.411854 -0.466998 0.119524 -0.0487171 0.0575437 0.989964
1305031466.027644 -0.949132 0.437522 -0.476097 0.127058 -0.0440113 0.0534686 0.989475
1305031466.059757 -0.931276 0.459489 -0.492357 0.126003 -0.0446929 0.0551527 0.989487
1305031466.095840 -0.916226 0.477818 -0.498864 0.121971 -0.0479295 0.0574016 0.989712
1305031466.127640 -0.898212 0.495215 -0.501083 0.117297 -0.0548466 0.0582097 0.989871
1305031466.160428 -0.886852 0.510097 -0.507477 0.112436 -0.0603217 0.060398 0.989986
1305031466.195833 -0.873513 0.531263 -0.515603 0.107753 -0.0698676 0.0624191 0.989753
1305031466.227951 -0.852067 0.535703 -0.52341 0.0955381 -0.082185 0.0591455 0.990263
1305031466.259815 -0.826344 0.539589 -0.525215 0.0913437 -0.0886801 0.0541916 0.990381
1305031466.295737 -0.799305 0.554193 -0.539789 0.0948413 -0.0878619 0.041425 0.990742
1305031466.327702 -0.786126 0.564909 -0.557166 0.0945949 -0.0779751 0.033038 0.991907
1305031466.359829 -0.780158 0.568459 -0.572913 0.0873143 -0.0673391 0.0269059 0.993538
1305031466.427819 -0.764835 0.588275 -0.595149 0.0965405 -0.0625609 0.0154837 0.99324
1305031466.459790 -0.747085 0.593846 -0.606784 0.0943235 -0.0685395 0.0128304 0.993097
1305031466.495809 -0.725273 0.598903 -0.618248 0.0890767 -0.0741052 0.0128702 0.993181
1305031466.527538 -0.697825 0.604784 -0.622286 0.0871046 -0.0760098 0.0123913 0.993218
1305031466.560353 -0.681725 0.611975 -0.63291 0.0841759 -0.0723662 0.0132493 0.993731
1305031466.595936 -0.668742 0.622298 -0.64507 0.0773895 -0.0704762 0.00896976 0.994466
1305031466.627549 -0.640161 0.624623 -0.632476 0.0730646 -0.0730022 0.00302619 0.994647
1305031466.659688 -0.62046 0.637838 -0.628563 0.0822654 -0.0705623 -0.00319309 0.994104
1305031466.695822 -0.606353 0.637124 -0.647403 0.0778458 -0.0700776 -0.00672242 0.994477
1305031466.728074 -0.58787 0.638704 -0.649563 0.0708928 -0.0727355 -0.0163848 0.994694
1305031466.759637 -0.562978 0.641781 -0.634465 0.074944 -0.0763391 -0.0257677 0.993927
1305031466.795604 -0.556928 0.652972 -0.648389 0.0823076 -0.0731553 -0.0322279 0.993396
1305031466.827879 -0.541796 0.662702 -0.655243 0.0814049 -0.0769223 -0.0348592 0.993097
1305031466.859665 -0.534348 0.659348 -0.65753 0.0779296 -0.0800262 -0.0353844 0.993112
1305031466.927756 -0.511348 0.671477 -0.667374 0.0843342 -0.101324 -0.0398795 0.99047
1305031466.959728 -0.486987 0.671854 -0.669863 0.0848059 -0.114351 -0.0409758 0.988966
1305031466.995712 -0.457905 0.670376 -0.672005 0.0839945 -0.12454 -0.0419491 0.987763
1305031467.027843 -0.438273 0.67318 -0.670442 0.0854089 -0.130754 -0.0464079 0.986638
1305031467.059700 -0.418815 0.673987 -0.676704 0.0850506 -0.134387 -0.0498921 0.986011
1305031467.095687 -0.397847 0.674332 -0.675561 0.0825325 -0.138747 -0.0530344 0.985457
1305031467.128974 -0.387176 0.676527 -0.671875 0.0843811 -0.140988 -0.0641008 0.984324
1305031467.159660 -0.379769 0.680446 -0.678638 0.0870901 -0.140946 -0.0732999 0.983451
1305031467.195663 -0.371938 0.68443 -0.684566 0.089128 -0.142989 -0.0785399 0.982569
1305031467.227704 -0.359837 0.687475 -0.684555 0.0908947 -0.149325 -0.0845211 0.980967
1305031467.259694 -0.344292 0.688463 -0.688387 0.0925218 -0.155077 -0.08918 0.979509
1305031467.295846 -0.329244 0.690653 -0.689534 0.0951278 -0.161027 -0.0954636 0.977705
1305031467.328008 -0.316984 0.696702 -0.692992 0.0980888 -0.165676 -0.100929 0.976086
1305031467.359654 -0.303367 0.700717 -0.697579 0.09602 -0.171615 -0.102754 0.975074
1305031467.395756 -0.2867 0.699207 -0.699253 0.0899023 -0.180136 -0.107465 0.973612
1305031467.427783 -0.27238 0.698437 -0.700675 0.0880105 -0.18633 -0.11108 0.972212
1305031467.459692 -0.261824 0.70474 -0.706811 0.0897323 -0.190816 -0.113135 0.970947
1305031467.496058 -0.241489 0.70505 -0.712855 0.0852422 -0.199467 -0.117993 0.969033
1305031467.527663 -0.217502 0.699933 -0.708272 0.0795284 -0.207343 -0.124409 0.967061
1305031467.559763 -0.205843 0.696282 -0.707398 0.0788943 -0.208235 -0.12797 0.966456
1305031467.595989 -0.195975 0.69895 -0.712844 0.0793837 -0.20816 -0.127212 0.966532
1305031467.627532 -0.188749 0.69225 -0.709274 0.0789136 -0.211747 -0.12465 0.966125
1305031467.659626 -0.176225 0.686996 -0.708655 0.084056 -0.217128 -0.120967 0.964965
1305031467.695886 -0.156801 0.684763 -0.708278 0.0876073 -0.222991 -0.122893 0.963067
1305031467.727535 -0.142985 0.67388 -0.698368 0.0900771 -0.2273 -0.127858 0.961183
1305031467.796075 -0.124815 0.664365 -0.688849 0.100273 -0.231507 -0.132934 0.958477
1305031467.827800 -0.123057 0.654629 -0.678781 0.103992 -0.232623 -0.13454 0.957586
1305031467.859729 -0.117541 0.647304 -0.670223 0.110498 -0.236203 -0.13145 0.95641
1305031467.895947 -0.107248 0.639972 -0.66203 0.114844 -0.244125 -0.131203 0.953939
1305031467.927754 -0.0984338 0.629671 -0.645181 0.117446 -0.252898 -0.133476 0.951017
1305031467.959826 -0.0960333 0.621588 -0.628984 0.124193 -0.257287 -0.134189 0.94888
1305031467.995754 -0.0711396 0.607165 -0.613236 0.125188 -0.266206 -0.136766 0.945916
1305031468.028107 -0.0650371 0.589699 -0.595052 0.121848 -0.268658 -0.140375 0.94513
1305031468.059850 -0.0732761 0.583311 -0.579046 0.127924 -0.267459 -0.142296 0.94438
1305031468.095867 -0.0610763 0.570826 -0.56188 0.129505 -0.273738 -0.144754 0.941988
1305031468.127816 -0.0560475 0.554207 -0.544661 0.126912 -0.277165 -0.145783 0.94118
1305031468.159864 -0.0510692 0.539516 -0.530944 0.127985 -0.279459 -0.148908 0.939866
1305031468.195985 -0.0412162 0.521941 -0.515017 0.126142 -0.282365 -0.152609 0.938653
1305031468.228158 -0.0368172 0.504237 -0.499751 0.12362 -0.282386 -0.152793 0.938952
1305031468.259754 -0.032152 0.487582 -0.489335 0.12219 -0.280731 -0.151744 0.939805
1305031468.295830 -0.0253858 0.46829 -0.474582 0.119693 -0.280414 -0.151497 0.940261
1305031468.327847 -0.0295833 0.450832 -0.464079 0.120312 -0.27629 -0.15049 0.941563
1305031468.359787 -0.0220605 0.431248 -0.460791 0.120745 -0.273614 -0.146731 0.942882
1305031468.395860 -0.00364693 0.418128 -0.446769 0.118683 -0.277696 -0.145331 0.942167
1305031468.428025 -0.00419566 0.395815 -0.439232 0.113022 -0.277038 -0.145525 0.943026
1305031468.459759 -0.00346668 0.377081 -0.438881 0.110658 -0.275715 -0.144382 0.94387
1305031468.495809 0.00661331 0.359085 -0.42963 0.107161 -0.277207 -0.144235 0.943859
1305031468.527756 0.00139119 0.337732 -0.427139 0.104928 -0.273966 -0.148615 0.944376
1305031468.559739 -0.00537489 0.321252 -0.431836 0.111092 -0.270826 -0.157832 0.943081
1305031468.595768 -0.00145946 0.307885 -0.426309 0.113531 -0.27338 -0.163326 0.941116
1305031468.627626 -0.00220196 0.291294 -0.418243 0.107136 -0.276091 -0.164188 0.940924
1305031468.659579 -0.0188981 0.277116 -0.42923 0.106149 -0.273531 -0.166148 0.941439
1305031468.695835 -0.029904 0.260346 -0.432725 0.109259 -0.27636 -0.169973 0.939573
1305031468.727785 -0.0278451 0.245411 -0.427478 0.11267 -0.283993 -0.170819 0.936736
1305031468.759628 -0.026696 0.229239 -0.421774 0.11259 -0.290063 -0.17031 0.934977
1305031468.795796 -0.0313142 0.211417 -0.418622 0.114842 -0.292347 -0.173579 0.933389
1305031468.829247 -0.0357201 0.198909 -0.417889 0.122998 -0.293668 -0.180479 0.930622
1305031468.859659 -0.0317611 0.188811 -0.413168 0.125108 -0.29481 -0.184125 0.929265
1305031468.895873 -0.0372975 0.176943 -0.410837 0.12183 -0.289447 -0.18562 0.931087
1305031468.928141 -0.0436465 0.169699 -0.408687 0.118829 -0.283399 -0.183984 0.933656
1305031468.995711 -0.00635944 0.167118 -0.380143 0.101353 -0.291877 -0.179571 0.933965
1305031469.027699 -0.0166362 0.150586 -0.373734 0.0818765 -0.288946 -0.188067 0.935113
1305031469.059832 -0.0352525 0.135557 -0.378604 0.0672563 -0.283193 -0.198538 0.935874
1305031469.095723 -0.0327407 0.134561 -0.367615 0.0589048 -0.284046 -0.207736 0.934181
1305031469.127679 -0.0373308 0.123186 -0.354839 0.0462932 -0.27873 -0.218332 0.934076
1305031469.159703 -0.0512007 0.113784 -0.353211 0.0362569 -0.266778 -0.228743 0.935517
1305031469.195540 -0.0619463 0.109243 -0.346031 0.0296422 -0.25608 -0.235801 0.936986
1305031469.227754 -0.0769815 0.103975 -0.344937 0.0239865 -0.246285 -0.239512 0.93883
1305031469.259586 -0.082724 0.102759 -0.335192 0.0197383 -0.243256 -0.243626 0.93866
1305031469.296754 -0.0892994 0.100831 -0.323322 0.0150885 -0.23847 -0.246351 0.939263
1305031469.327618 -0.0933968 0.102477 -0.312462 0.0103909 -0.235556 -0.247559 0.939744
1305031469.359592 -0.0927816 0.106501 -0.293814 0.00707833 -0.232901 -0.252993 0.93899
1305031469.395695 -0.10007 0.0986928 -0.284954 0.00364737 -0.221158 -0.261197 0.939602
1305031469.427651 -0.107692 0.1015 -0.278468 0.00366294 -0.207496 -0.267189 0.941032
1305031469.459668 -0.116023 0.108368 -0.26623 0.0043099 -0.196959 -0.274597 0.941161
1305031469.495744 -0.13097 0.113172 -0.258365 0.00290373 -0.188085 -0.279007 0.941685
1305031469.527622 -0.134705 0.118209 -0.248367 -0.00134809 -0.187956 -0.278978 0.941723
1305031469.559645 -0.137297 0.130736 -0.230663 -0.00483505 -0.189469 -0.279108 0.941369
1305031469.595755 -0.140528 0.140177 -0.215894 -0.0116811 -0.189812 -0.277953 0.941582
1305031469.627752 -0.144546 0.145244 -0.198443 -0.0218107 -0.189358 -0.278015 0.941475
1305031469.659590 -0.149628 0.148979 -0.185315 -0.0290482 -0.185658 -0.279379 0.941613
1305031469.695613 -0.15552 0.155957 -0.173488 -0.0344106 -0.181445 -0.279453 0.942231
1305031469.727679 -0.162266 0.166309 -0.158506 -0.0395802 -0.176717 -0.278619 0.943173
1305031469.759599 -0.169271 0.178614 -0.14357 -0.0448962 -0.17262 -0.276268 0.944385
1305031469.795621 -0.180582 0.189585 -0.129833 -0.0519329 -0.170064 -0.275595 0.944684
1305031469.827526 -0.186664 0.198507 -0.119924 -0.0597418 -0.171931 -0.272257 0.944853
1305031469.859574 -0.199426 0.211997 -0.108035 -0.0668988 -0.171776 -0.27094 0.94478
1305031469.895755 -0.204582 0.223297 -0.09808 -0.0726742 -0.174833 -0.268657 0.944444
1305031469.927854 -0.213104 0.237211 -0.0905385 -0.0771157 -0.176519 -0.264651 0.94491
1305031469.959805 -0.219914 0.253171 -0.084784 -0.0779202 -0.180358 -0.261085 0.94511
1305031469.995551 -0.229735 0.265306 -0.0788672 -0.0808151 -0.182875 -0.259306 0.944873
1305031470.027694 -0.240364 0.277852 -0.0763247 -0.0838346 -0.18484 -0.258766 0.944376
1305031470.059638 -0.252175 0.288956 -0.072993 -0.0873063 -0.185455 -0.25942 0.943761
1305031470.095944 -0.261851 0.306844 -0.0709874 -0.0863088 -0.185724 -0.255569 0.94485
1305031470.127633 -0.274863 0.316248 -0.0720537 -0.0925722 -0.184506 -0.254682 0.944736
1305031470.159626 -0.28677 0.331556 -0.072709 -0.0953807 -0.184328 -0.250089 0.945717
1305031470.196092 -0.298448 0.347724 -0.0776569 -0.0950982 -0.183756 -0.24515 0.947149
1305031470.227618 -0.308259 0.354944 -0.0778965 -0.101183 -0.185728 -0.243359 0.946596
1305031470.259965 -0.320401 0.364509 -0.0800813 -0.107067 -0.184697 -0.240908 0.946777
1305031470.295718 -0.33244 0.373432 -0.0816313 -0.114839 -0.183655 -0.238143 0.946769
1305031470.327644 -0.346457 0.383712 -0.084284 -0.122198 -0.181491 -0.235521 0.946921
1305031470.359624 -0.363506 0.393566 -0.0914317 -0.128048 -0.177239 -0.232979 0.947582
1305031470.395823 -0.379139 0.401862 -0.0985832 -0.133492 -0.174358 -0.230112 0.948065
1305031470.427641 -0.390365 0.413268 -0.101619 -0.13288 -0.176064 -0.230421 0.947761
1305031470.459721 -0.404193 0.419426 -0.106509 -0.133954 -0.175814 -0.231488 0.947396
1305031470.495686 -0.417638 0.427653 -0.111314 -0.133104 -0.175522 -0.229532 0.948046
1305031470.527689 -0.42732 0.437949 -0.114256 -0.130313 -0.176995 -0.228596 0.948385
1305031470.559677 -0.437788 0.445085 -0.115926 -0.131193 -0.176637 -0.228115 0.948447
1305031470.595760 -0.449145 0.452593 -0.118176 -0.131149 -0.175388 -0.224968 0.949436
1305031470.627729 -0.459352 0.457473 -0.120118 -0.1347 -0.174597 -0.2208 0.950063
1305031470.659690 -0.469909 0.465156 -0.122432 -0.134813 -0.173011 -0.216384 0.951352
1305031470.727654 -0.492612 0.475647 -0.123981 -0.137864 -0.171872 -0.210387 0.952466
1305031470.795615 -0.506064 0.483661 -0.124925 -0.140037 -0.16676 -0.203101 0.954636
1305031470.827831 -0.525703 0.489301 -0.127782 -0.137641 -0.156944 -0.19711 0.957899
1305031470.895722 -0.542812 0.492102 -0.135137 -0.129992 -0.157243 -0.187884 0.960769
1305031470.927684 -0.555628 0.49486 -0.137463 -0.125691 -0.156148 -0.183099 0.962442
1305031470.995996 -0.572662 0.491207 -0.145112 -0.111712 -0.15924 -0.177935 0.964625
1305031471.059636 -0.592017 0.488419 -0.156096 -0.0951755 -0.150974 -0.172416 0.968721
1305031471.127663 -0.606859 0.487328 -0.163387 -0.0826993 -0.149266 -0.157763 0.972621
1305031471.195703 -0.611991 0.485837 -0.166234 -0.0755557 -0.150616 -0.145286 0.974935
1305031471.259722 -0.623265 0.482611 -0.167383 -0.0778602 -0.146619 -0.136968 0.976566
1305031471.327642 -0.640685 0.483731 -0.174607 -0.0716381 -0.133453 -0.130822 0.979767
1305031471.395730 -0.648197 0.480066 -0.176074 -0.0716837 -0.120563 -0.123589 0.98237
1305031471.427704 -0.658208 0.481717 -0.184476 -0.0667697 -0.113289 -0.116867 0.984403
1305031471.496491 -0.66352 0.475059 -0.186582 -0.0722172 -0.115187 -0.106476 0.984977
1305031471.595702 -0.672074 0.471866 -0.195774 -0.0745538 -0.10845 -0.0977407 0.986472
1305031471.659642 -0.681261 0.473016 -0.204079 -0.0713458 -0.0951163 -0.0943474 0.988413
1305031471.727501 -0.681573 0.470237 -0.21069 -0.07368 -0.0897944 -0.083656 0.989702
1305031471.795801 -0.684847 0.471406 -0.215726 -0.0743213 -0.0776755 -0.0700439 0.991734
1305031471.859665 -0.688774 0.474324 -0.214662 -0.0822281 -0.0692909 -0.0569619 0.992569
1305031471.927651 -0.687801 0.476663 -0.214713 -0.092391 -0.0638881 -0.0458303 0.992614
1305031471.995573 -0.698785 0.483777 -0.217922 -0.0915398 -0.0453705 -0.041692 0.993893
1305031472.027638 -0.697157 0.47912 -0.214418 -0.104223 -0.0439366 -0.0371983 0.992886
1305031472.059668 -0.710587 0.490249 -0.212666 -0.0991319 -0.0319095 -0.0375302 0.993854
1305031472.127594 -0.716034 0.488801 -0.214123 -0.109228 -0.0259603 -0.0275345 0.993296
1305031472.159645 -0.723144 0.496425 -0.209707 -0.106325 -0.0220615 -0.0275769 0.993704
1305031472.227626 -0.735716 0.504464 -0.212985 -0.0958464 -0.0145425 -0.0210563 0.995067
1305031472.295671 -0.746733 0.510197 -0.214716 -0.0813758 -0.00532856 -0.019686 0.996475
1305031472.495626 -0.741063 0.497055 -0.218285 -0.078173 -0.0152128 -0.0138787 0.996727
1305031472.663575 -0.739202 0.486759 -0.21915 -0.0671223 -0.0145062 -0.00612454 0.99762
1305031472.763578 -0.732684 0.47853 -0.21794 -0.0618426 -0.0177215 -0.00603988 0.99791
1305031472.895713 -0.729073 0.468824 -0.214495 -0.058357 -0.0183704 -0.00308563 0.998122
1305031473.063684 -0.72429 0.463147 -0.207354 -0.0619984 -0.0242478 0.000412772 0.997782
