1305031453.359684 0 0 0 0 0 0 1
1305031453.391690 -0.00169966 0.00171136 -0.0061447 -0.00140409 0.00808565 0.0105659 0.999911
1305031453.423683 0.00118277 0.00337478 -0.0149194 -0.000491399 0.0125773 0.0203301 0.999714
1305031453.459685 0.0115087 0.00747757 -0.0297691 0.00324757 0.0154722 0.0295768 0.999437
1305031453.491698 0.0105327 0.0121145 -0.0379267 0.00764334 0.0235527 0.0390329 0.998931
1305031453.523684 0.007805 0.0143235 -0.0544752 0.0130665 0.0298365 0.0471854 0.998355
1305031453.559753 0.00713579 0.0203554 -0.065526 0.0204297 0.0330458 0.0539924 0.997785
1305031453.591640 0.0060364 0.0295389 -0.0821143 0.0287658 0.035997 0.0582043 0.997241
1305031453.627706 -0.00164718 0.0331434 -0.0982937 0.0348503 0.0385373 0.06287 0.996668
1305031453.659600 -0.00696782 0.0396726 -0.111162 0.0424561 0.0356458 0.0607459 0.996613
1305031453.691678 -0.0148625 0.0508065 -0.127908 0.0500471 0.0319618 0.0560863 0.996658
1305031453.727652 -0.0183462 0.0629063 -0.137255 0.0560917 0.026009 0.0528882 0.996685
1305031453.759694 -0.0335163 0.0679076 -0.15311 0.0601246 0.0206012 0.0466065 0.996889
1305031453.791716 -0.0341307 0.0803802 -0.167196 0.0660841 0.00934931 0.0392654 0.996997
1305031453.827773 -0.0450497 0.0887834 -0.177645 0.0695094 0.00331461 0.0338611 0.997001
1305031453.859705 -0.0569957 0.0970824 -0.184768 0.0721457 -0.00747539 0.0274489 0.996988
1305031453.891710 -0.0701086 0.102636 -0.19669 0.0715302 -0.0219231 0.022917 0.996934
1305031453.927723 -0.0820904 0.113342 -0.19929 0.0718378 -0.038716 0.0203387 0.996457
1305031453.959641 -0.0895803 0.111119 -0.205507 0.067616 -0.0548283 0.0125633 0.996125
1305031453.991624 -0.0921083 0.105208 -0.209245 0.0634155 -0.0686849 0.00172034 0.995619
1305031454.027662 -0.0978549 0.105518 -0.21487 0.0649071 -0.081707 -0.0082491 0.994506
1305031454.059654 -0.112313 0.104594 -0.219242 0.0646164 -0.0916707 -0.0187326 0.993514
1305031454.091651 -0.125305 0.101545 -0.221129 0.0637676 -0.102215 -0.0313007 0.992223
1305031454.127701 -0.131763 0.100418 -0.223859 0.0661541 -0.117081 -0.0450437 0.989892
1305031454.159672 -0.141677 0.107409 -0.21938 0.0687983 -0.131789 -0.055129 0.98735
1305031454.191658 -0.144242 0.109788 -0.22042 0.0675777 -0.150265 -0.0671874 0.984042
1305031454.227671 -0.117303 0.166571 -0.163379 0.0664776 -0.168526 -0.0840008 0.979859
1305031454.259627 -0.138055 0.159014 -0.180831 0.0740053 -0.178094 -0.101109 0.976003
1305031454.291639 -0.142446 0.161879 -0.178034 0.07321 -0.187219 -0.113555 0.972982
1305031454.327699 -0.152069 0.16015 -0.178428 0.0723346 -0.196952 -0.126252 0.969555
1305031454.359636 -0.159147 0.165477 -0.177473 0.0806681 -0.208374 -0.141558 0.964383
1305031454.391677 -0.16496 0.168813 -0.177054 0.0824269 -0.21656 -0.154658 0.960411
1305031454.427465 -0.168148 0.167414 -0.18297 0.0826658 -0.229445 -0.168745 0.955011
1305031454.459913 -0.171595 0.173963 -0.177094 0.0873829 -0.240133 -0.184095 0.94911
1305031454.491617 -0.176001 0.180555 -0.176818 0.0907465 -0.245559 -0.200899 0.943984
1305031454.527700 -0.180504 0.185846 -0.178224 0.0909797 -0.251695 -0.217289 0.9387
1305031454.559575 -0.18715 0.194054 -0.181306 0.0890996 -0.256169 -0.229325 0.934799
1305031454.591635 -0.194739 0.202528 -0.187945 0.0883627 -0.263721 -0.246185 0.928459
1305031454.627580 -0.193712 0.205898 -0.184836 0.0870949 -0.278215 -0.258857 0.920871
1305031454.659528 -0.188687 0.20857 -0.180943 0.081244 -0.292973 -0.265906 0.9148
1305031454.691884 -0.187748 0.212597 -0.181796 0.0745754 -0.30653 -0.271209 0.909353
1305031454.727659 -0.18147 0.214442 -0.178813 0.0707256 -0.320977 -0.275526 0.903359
1305031454.759732 -0.174297 0.218775 -0.174784 0.0653893 -0.328837 -0.271682 0.902097
1305031454.791641 -0.170743 0.225104 -0.17744 0.0611732 -0.330765 -0.265195 0.903617
1305031454.827570 -0.163646 0.232725 -0.169469 0.0569717 -0.334459 -0.257758 0.904684
1305031454.859620 -0.163325 0.240767 -0.170269 0.0517452 -0.330705 -0.251017 0.908266
1305031454.891764 -0.159228 0.247219 -0.169137 0.0478392 -0.326879 -0.243783 0.911829
1305031454.927567 -0.159293 0.25626 -0.170981 0.0442977 -0.320835 -0.238016 0.91567
1305031454.959648 -0.16164 0.263491 -0.176557 0.0404914 -0.314372 -0.232443 0.919511
1305031454.991937 -0.168005 0.27371 -0.184008 0.0386299 -0.308842 -0.227327 0.922739
1305031455.027799 -0.167571 0.273212 -0.183461 0.0383017 -0.308999 -0.226912 0.922802
1305031455.059636 -0.173135 0.291787 -0.184834 0.0365294 -0.30635 -0.22085 0.925225
1305031455.091700 -0.178866 0.300386 -0.193821 0.0391439 -0.301215 -0.220945 0.92678
1305031455.127695 -0.183784 0.313481 -0.19729 0.0417339 -0.296552 -0.219184 0.928587
1305031455.159720 -0.196072 0.322048 -0.203473 0.0410513 -0.290132 -0.216859 0.931188
1305031455.191655 -0.206445 0.331624 -0.208025 0.0381874 -0.285576 -0.211481 0.933951
1305031455.227581 -0.217416 0.337241 -0.215075 0.0369958 -0.280977 -0.206025 0.936609
1305031455.259631 -0.224143 0.349448 -0.215865 0.0357617 -0.277253 -0.200016 0.939066
1305031455.291831 -0.240031 0.356771 -0.22043 0.0285468 -0.269565 -0.191924 0.943231
1305031455.327766 -0.252169 0.364447 -0.228587 0.0219645 -0.265269 -0.179956 0.946977
1305031455.359630 -0.257368 0.373754 -0.226907 0.014754 -0.265422 -0.172165 0.948521
1305031455.391665 -0.271689 0.374153 -0.231121 0.0039535 -0.256986 -0.166546 0.951948
1305031455.427642 -0.285192 0.374345 -0.239705 -0.00524885 -0.248922 -0.156645 0.955758
1305031455.459589 -0.299288 0.372126 -0.24596 -0.0122828 -0.244447 -0.14784 0.958247
1305031455.491637 -0.312922 0.379912 -0.251121 -0.0148448 -0.240029 -0.137715 0.960833
1305031455.527610 -0.32907 0.377547 -0.261255 -0.0217259 -0.234829 -0.124162 0.963829
1305031455.559669 -0.346989 0.380035 -0.275945 -0.0240725 -0.232151 -0.110804 0.966048
1305031455.591645 -0.3604 0.384171 -0.285189 -0.0259431 -0.232142 -0.0970517 0.96748
1305031455.627617 -0.376369 0.380637 -0.292718 -0.0319463 -0.22923 -0.084881 0.969138
1305031455.659615 -0.392964 0.376858 -0.308085 -0.0302728 -0.224987 -0.0794332 0.970646
1305031455.691605 -0.409564 0.381756 -0.316133 -0.0248256 -0.222184 -0.0798259 0.971414
1305031455.727628 -0.422228 0.377649 -0.323135 -0.0240277 -0.219742 -0.0835866 0.971673
1305031455.759683 -0.436178 0.37512 -0.337779 -0.0225684 -0.213299 -0.0874632 0.972802
1305031455.791666 -0.452356 0.364992 -0.35293 -0.0230362 -0.206463 -0.0873129 0.974279
1305031455.827590 -0.468312 0.363767 -0.367433 -0.0198708 -0.201543 -0.0867484 0.975428
1305031455.859526 -0.480854 0.358315 -0.38026 -0.0201548 -0.198924 -0.0882762 0.975823
1305031455.891657 -0.490045 0.35445 -0.389057 -0.020009 -0.196807 -0.0885419 0.976231
1305031455.927955 -0.502841 0.351182 -0.400125 -0.0203731 -0.192278 -0.0895702 0.977032
1305031455.959716 -0.51231 0.347741 -0.412494 -0.0199683 -0.188138 -0.0922805 0.977594
1305031455.991694 -0.524178 0.34444 -0.420937 -0.0218217 -0.182726 -0.0952492 0.978296
1305031456.027770 -0.533912 0.349785 -0.429563 -0.0236353 -0.176412 -0.0991766 0.979022
1305031456.059713 -0.550588 0.340759 -0.43647 -0.0337195 -0.169082 -0.108378 0.979045
1305031456.091707 -0.567351 0.328691 -0.444269 -0.0411781 -0.162396 -0.114632 0.979179
1305031456.127645 -0.580716 0.321626 -0.451487 -0.0430198 -0.156577 -0.116836 0.979787
1305031456.159731 -0.592784 0.314991 -0.453177 -0.0439794 -0.150454 -0.11819 0.980541
1305031456.191658 -0.606282 0.303462 -0.461569 -0.0415862 -0.140881 -0.116559 0.982261
1305031456.227678 -0.614281 0.311404 -0.46585 -0.0349814 -0.130882 -0.114164 0.984181
1305031456.291675 -0.639415 0.297498 -0.458692 -0.035595 -0.108953 -0.107913 0.987531
1305031456.327718 -0.654153 0.29191 -0.461269 -0.0320719 -0.096811 -0.102917 0.989448
1305031456.391619 -0.663285 0.285383 -0.445222 -0.0289909 -0.0785509 -0.0913313 0.992294
1305031456.427662 -0.690585 0.284435 -0.450803 -0.0232956 -0.0620714 -0.0864365 0.994049
1305031456.491677 -0.728037 0.295839 -0.445599 -0.0269324 -0.0500151 -0.0734181 0.995682
1305031456.527641 -0.748905 0.29891 -0.441758 -0.0313231 -0.0473014 -0.0701073 0.995925
1305031456.591651 -0.763593 0.299283 -0.420597 -0.0345112 -0.0445645 -0.0578146 0.996735
1305031456.627612 -0.77255 0.318541 -0.402502 -0.0405836 -0.0400464 -0.0520751 0.997014
1305031456.691612 -0.821612 0.299119 -0.389579 -0.0561903 -0.0196565 -0.041334 0.99737
1305031456.727693 -0.825799 0.309846 -0.375909 -0.0594567 -0.0213776 -0.0298441 0.997556
1305031456.791649 -0.872777 0.302732 -0.361818 -0.063291 -0.0209699 -0.0195219 0.997584
1305031456.827603 -0.862059 0.319998 -0.347482 -0.0611627 -0.0322935 -0.00555497 0.99759
1305031456.891672 -0.880927 0.319301 -0.318793 -0.0701243 -0.0290257 0.0037559 0.997109
1305031456.927690 -0.896725 0.317702 -0.316546 -0.0679615 -0.0206471 0.00924994 0.997431
1305031456.959667 -0.908727 0.333214 -0.311646 -0.0657953 -0.0139398 0.01511 0.997621
1305031456.991709 -0.92432 0.334191 -0.29944 -0.0728697 -0.00787639 0.015161 0.997195
1305031457.027648 -0.936542 0.328964 -0.298419 -0.0771778 -0.00259721 0.0185778 0.996841
1305031457.091655 -0.960695 0.327862 -0.293956 -0.0915276 0.00997335 0.028385 0.995348
1305031457.127632 -0.972107 0.319459 -0.290105 -0.09672 0.0161444 0.031939 0.994668
1305031457.191735 -0.994299 0.319116 -0.298719 -0.0945148 0.0312623 0.0462786 0.993956
1305031457.227543 -1.01549 0.318096 -0.302453 -0.0970486 0.0422593 0.0500993 0.993119
1305031457.291656 -1.03326 0.314718 -0.314167 -0.0865282 0.054209 0.06161 0.992864
1305031457.327548 -1.05396 0.311418 -0.325294 -0.0851109 0.0682192 0.0667173 0.991792
1305031457.391684 -1.08027 0.307873 -0.336472 -0.0774345 0.0888699 0.0785523 0.989917
1305031457.427641 -1.10271 0.288597 -0.348269 -0.0819215 0.101011 0.0876756 0.987623
1305031457.491705 -1.14089 0.285087 -0.365107 -0.075942 0.111002 0.0932678 0.986515
1305031457.527638 -1.14923 0.282979 -0.375619 -0.0705297 0.112522 0.0962428 0.986459
1305031457.559685 -1.16026 0.281416 -0.386398 -0.0651857 0.116457 0.099701 0.986026
1305031457.591678 -1.17381 0.280044 -0.395632 -0.0615971 0.120697 0.103517 0.985354
1305031457.627526 -1.18496 0.266371 -0.39955 -0.0643136 0.12239 0.106328 0.984672
1305031457.659632 -1.21017 0.263739 -0.406373 -0.060697 0.129307 0.108897 0.983736
1305031457.691570 -1.22473 0.255765 -0.411919 -0.0662578 0.130574 0.112912 0.982757
1305031457.727669 -1.23878 0.237986 -0.41591 -0.0702723 0.132751 0.111572 0.982339
1305031457.759556 -1.25224 0.225211 -0.421841 -0.0692563 0.1354 0.109848 0.982244
1305031457.791567 -1.24962 0.212234 -0.42511 -0.0642022 0.134516 0.11029 0.982659
1305031457.827699 -1.27447 0.216034 -0.4339 -0.0512317 0.146259 0.10829 0.981966
1305031457.859623 -1.28912 0.209316 -0.434639 -0.0489084 0.15549 0.10839 0.980654
1305031457.891593 -1.30656 0.186969 -0.436074 -0.0454095 0.164733 0.109613 0.979176
1305031457.927633 -1.32759 0.189697 -0.441378 -0.0299574 0.170839 0.110939 0.978575
1305031457.991644 -1.36759 0.185488 -0.430722 -0.0152953 0.179063 0.114385 0.977046
1305031458.027845 -1.37416 0.170702 -0.429959 -0.00975315 0.181711 0.115403 0.976508
1305031458.059689 -1.38158 0.192476 -0.438451 0.00689044 0.182569 0.116345 0.976261
1305031458.091690 -1.39387 0.184489 -0.42721 0.00402729 0.187579 0.119368 0.974961
1305031458.127605 -1.41239 0.178586 -0.412746 0.00319437 0.194037 0.120017 0.97362
1305031458.159638 -1.43356 0.164171 -0.398629 0.00219367 0.20002 0.120517 0.972349
1305031458.191646 -1.45563 0.154367 -0.397069 -0.000102349 0.202602 0.124688 0.971291
1305031458.227611 -1.45431 0.154173 -0.38544 -0.00605274 0.195255 0.125078 0.972725
1305031458.259934 -1.47552 0.132611 -0.358974 -0.0104374 0.19774 0.124266 0.97229
1305031458.291664 -1.50661 0.156093 -0.337183 0.00889849 0.200244 0.120995 0.972205
1305031458.327628 -1.48704 0.069066 -0.321621 -0.0239679 0.188777 0.12951 0.973147
1305031458.359590 -1.50982 0.0978291 -0.288405 -0.000677643 0.190092 0.124835 0.973797
1305031458.391626 -1.53573 0.115865 -0.276733 0.0184107 0.19294 0.124402 0.973118
1305031458.427598 -1.54048 0.113919 -0.26713 0.0268689 0.192827 0.13482 0.971555
1305031458.459637 -1.53362 0.103073 -0.239231 0.0351956 0.196943 0.142674 0.969339
1305031458.491696 -1.53455 0.104898 -0.21488 0.0557081 0.206368 0.141245 0.966622
1305031458.527737 -1.54854 0.126216 -0.207227 0.0784862 0.216693 0.137975 0.963248
1305031458.559628 -1.54551 0.110277 -0.19152 0.0766109 0.222931 0.138192 0.961944
1305031458.591641 -1.55265 0.1066 -0.17132 0.0814834 0.23015 0.13159 0.960768
1305031458.627659 -1.57963 0.131941 -0.164944 0.0892112 0.23638 0.125558 0.959375
1305031458.659623 -1.58669 0.139296 -0.146117 0.0862655 0.233609 0.12547 0.960334
1305031458.691674 -1.58146 0.143785 -0.128157 0.0812612 0.217042 0.119911 0.965355
1305031458.727650 -1.57218 0.166412 -0.0825932 0.0877734 0.202733 0.100898 0.970059
1305031458.759945 -1.57186 0.179499 -0.0636982 0.097871 0.187882 0.0951378 0.972662
1305031458.791632 -1.57004 0.187295 -0.0473588 0.0962499 0.173654 0.0856789 0.97634
1305031458.827564 -1.55095 0.185354 -0.0364167 0.0898549 0.158587 0.0871011 0.979382
1305031458.891665 -1.54627 0.180561 -0.0202759 0.09508 0.154499 0.0759174 0.980473
1305031458.927621 -1.56126 0.185456 -0.0107123 0.0955099 0.164952 0.0817062 0.97826
1305031458.959617 -1.55357 0.161025 -0.0115713 0.0802413 0.16447 0.0986899 0.978147
1305031458.991647 -1.5634 0.148311 0.014446 0.0830478 0.169944 0.095552 0.977288
1305031459.027665 -1.59936 0.14561 0.0465851 0.0949416 0.180267 0.0922939 0.974665
1305031459.059631 -1.621 0.13271 0.0398968 0.101579 0.17412 0.101745 0.974172
1305031459.127618 -1.66131 0.112172 0.0810603 0.122693 0.143897 0.113177 0.975413
1305031459.159639 -1.67715 0.105164 0.087285 0.130872 0.124157 0.117753 0.97652
1305031459.191674 -1.6924 0.107679 0.0943573 0.138078 0.108665 0.124209 0.976575
1305031459.227607 -1.7041 0.112291 0.117494 0.143165 0.099155 0.13266 0.975742
1305031459.259760 -1.70362 0.119261 0.129784 0.145053 0.0948526 0.141029 0.974717
1305031459.327632 -1.71974 0.120479 0.130333 0.140464 0.125178 0.168309 0.967612
1305031459.359651 -1.72505 0.135288 0.143844 0.147837 0.146063 0.184491 0.960611
1305031459.391667 -1.75507 0.158218 0.162762 0.15169 0.179562 0.203578 0.950423
1305031459.427646 -1.75785 0.156866 0.164293 0.140404 0.208687 0.23788 0.938163
1305031459.459679 -1.76924 0.154013 0.16714 0.139653 0.240247 0.27785 0.919553
1305031459.527594 -1.7698 0.135637 0.146126 0.106948 0.262724 0.3517 0.892102
1305031459.559647 -1.7892 0.130294 0.177293 0.105685 0.286908 0.374796 0.875239
1305031459.591695 -1.8121 0.127969 0.183183 0.106027 0.296606 0.390958 0.864833
1305031459.627608 -1.82573 0.138468 0.199035 0.110627 0.300177 0.395993 0.860723
1305031459.659641 -1.83625 0.14003 0.206693 0.110896 0.306658 0.393976 0.859329
1305031459.691604 -1.85137 0.135746 0.207935 0.106137 0.31551 0.400167 0.853847
1305031459.727551 -1.86852 0.0965437 0.225415 0.0887677 0.33391 0.402842 0.847551
1305031459.791650 -1.88712 0.0895296 0.240936 0.0957882 0.338962 0.395631 0.848178
1305031459.827664 -1.90679 0.0818489 0.247052 0.0969931 0.340855 0.391453 0.84922
1305031459.859660 -1.91947 0.0664139 0.250702 0.0913117 0.339487 0.39149 0.85038
1305031459.891596 -1.92502 0.051191 0.256486 0.0854361 0.334892 0.394938 0.851218
1305031459.927607 -1.93075 0.033201 0.25703 0.0819947 0.330781 0.398811 0.851358
1305031459.991725 -1.94837 0.0152075 0.279429 0.0804482 0.330398 0.40336 0.849509
1305031460.027565 -1.94928 0.00163809 0.289258 0.0790468 0.330203 0.406343 0.848294
1305031460.059659 -1.95498 -0.0156014 0.295198 0.077779 0.331164 0.409233 0.846646
1305031460.091717 -1.96823 -0.0362682 0.309668 0.0787014 0.33257 0.414182 0.843597
1305031460.127690 -1.9718 -0.0516162 0.32431 0.0842232 0.327356 0.422713 0.840867
1305031460.159678 -1.97129 -0.0605845 0.323963 0.0905892 0.317353 0.432057 0.83929
1305031460.191559 -1.96854 -0.0823811 0.324934 0.0859766 0.309522 0.443706 0.836618
1305031460.227761 -1.95395 -0.0831926 0.330676 0.0890474 0.304981 0.449315 0.834969
1305031460.291689 -1.93974 -0.0882946 0.333622 0.09284 0.311442 0.449568 0.832029
1305031460.327512 -1.95242 -0.109601 0.339656 0.0904876 0.324835 0.44875 0.827598
1305031460.391611 -1.96189 -0.128744 0.360892 0.0868599 0.348964 0.451258 0.816729
1305031460.427477 -1.95669 -0.134846 0.361437 0.0874379 0.355296 0.457636 0.810363
1305031460.459620 -1.95857 -0.139141 0.365851 0.0862012 0.366293 0.458811 0.804917
1305031460.491504 -1.96521 -0.153023 0.375437 0.0785108 0.382585 0.463367 0.795459
1305031460.527570 -1.96468 -0.162915 0.384871 0.0733726 0.393882 0.472434 0.785035
1305031460.559647 -1.96044 -0.173927 0.386743 0.0667465 0.400202 0.477512 0.779336
1305031460.591855 -1.96163 -0.178466 0.394495 0.0642556 0.409196 0.476263 0.775631
1305031460.627625 -1.96443 -0.193495 0.405473 0.060093 0.420458 0.477242 0.769315
1305031460.659764 -1.96578 -0.206992 0.41263 0.0566915 0.428292 0.476588 0.765647
1305031460.691671 -1.97245 -0.221045 0.428535 0.0526723 0.436876 0.475686 0.761635
1305031460.727675 -1.97008 -0.229966 0.443479 0.0473799 0.441573 0.475235 0.759553
1305031460.759667 -1.96826 -0.235745 0.445743 0.0460976 0.44426 0.474492 0.758528
1305031460.791660 -1.96973 -0.255017 0.455037 0.0398282 0.449503 0.474455 0.755813
1305031460.827660 -1.96944 -0.257111 0.464887 0.0375921 0.45113 0.471387 0.756877
1305031460.859714 -1.96582 -0.264794 0.473402 0.0301943 0.454338 0.46882 0.756884
1305031460.891774 -1.96202 -0.276412 0.481442 0.0230064 0.458712 0.467893 0.75507
1305031460.927562 -1.95648 -0.300789 0.499969 0.0100052 0.465115 0.467592 0.751615
1305031460.991668 -1.94123 -0.312041 0.514666 0.00996328 0.468838 0.468921 0.748468
1305031461.027620 -1.93413 -0.333995 0.525244 0.00609955 0.473051 0.470792 0.744674
1305031461.091728 -1.92247 -0.350625 0.546851 0.00631464 0.474915 0.471402 0.743099
1305031461.127586 -1.91141 -0.350726 0.545478 0.00598172 0.47129 0.470156 0.746192
1305031461.159720 -1.90429 -0.359576 0.55642 0.0069645 0.474724 0.467544 0.745648
1305031461.192013 -1.90011 -0.364616 0.561063 0.00910293 0.47527 0.463623 0.747723
1305031461.227607 -1.89727 -0.369363 0.564414 0.0095941 0.476001 0.461443 0.7486
1305031461.259642 -1.88968 -0.373699 0.57027 0.0106432 0.476544 0.458197 0.750232
1305031461.291656 -1.88355 -0.378474 0.575047 0.00984084 0.476818 0.452518 0.753509
1305031461.327751 -1.88029 -0.380171 0.576729 0.0104178 0.478374 0.447896 0.755274
1305031461.359709 -1.88212 -0.383869 0.583626 0.0038429 0.481873 0.44286 0.756081
1305031461.391708 -1.86356 -0.391365 0.599945 -0.00700107 0.484696 0.44546 0.752719
1305031461.427624 -1.853 -0.39301 0.602342 -0.00906311 0.484485 0.444368 0.753478
1305031461.459781 -1.84669 -0.402314 0.603225 -0.0172671 0.483352 0.448367 0.751691
1305031461.491677 -1.83625 -0.398436 0.607211 -0.0174563 0.484292 0.447907 0.751356
1305031461.527705 -1.83672 -0.397908 0.605853 -0.0122034 0.486015 0.444942 0.752108
1305031461.559677 -1.83461 -0.39617 0.600554 -0.0134494 0.487103 0.441895 0.753179
1305031461.591690 -1.83262 -0.391437 0.596475 -0.0144702 0.492541 0.436743 0.752628
1305031461.627541 -1.8301 -0.39187 0.594282 -0.0190445 0.497545 0.436681 0.749264
1305031461.659622 -1.82739 -0.387906 0.594747 -0.0221897 0.502313 0.435053 0.746939
1305031461.691563 -1.82283 -0.38989 0.583906 -0.0261378 0.500748 0.4421 0.743717
1305031461.727602 -1.81702 -0.377954 0.587912 -0.0265054 0.503432 0.446192 0.739437
1305031461.759684 -1.82214 -0.376716 0.581777 -0.0285096 0.505101 0.447447 0.737463
1305031461.791612 -1.8173 -0.368457 0.579452 -0.0342533 0.506594 0.451017 0.734012
1305031461.827615 -1.81858 -0.353963 0.574872 -0.0320999 0.510465 0.453935 0.729615
1305031461.859767 -1.82415 -0.347768 0.569286 -0.033389 0.514296 0.458874 0.723754
1305031461.891723 -1.81279 -0.34889 0.560837 -0.0459831 0.510702 0.473369 0.716233
1305031461.927758 -1.81974 -0.329407 0.563662 -0.0435565 0.511903 0.480385 0.710836
1305031461.959703 -1.82284 -0.322213 0.541469 -0.0471224 0.509262 0.486255 0.708511
1305031461.991590 -1.84158 -0.292145 0.550614 -0.0427063 0.51928 0.486697 0.701178
1305031462.027675 -1.8436 -0.290052 0.557793 -0.0518124 0.520836 0.497329 0.691888
1305031462.059837 -1.83928 -0.288591 0.556549 -0.0566139 0.515475 0.512296 0.684568
1305031462.091777 -1.847 -0.270934 0.5579 -0.0498551 0.511418 0.52194 0.680841
1305031462.127739 -1.85244 -0.261245 0.551333 -0.0486174 0.506349 0.53209 0.676851
1305031462.159646 -1.85716 -0.250288 0.547115 -0.0475922 0.502168 0.538854 0.674684
1305031462.191641 -1.85961 -0.242107 0.533222 -0.0513918 0.494817 0.540969 0.678136
1305031462.227633 -1.86582 -0.234942 0.53767 -0.0556351 0.495973 0.542587 0.675659
1305031462.259765 -1.87142 -0.229793 0.540468 -0.0608683 0.49482 0.543203 0.675558
1305031462.291629 -1.87953 -0.21726 0.540307 -0.0640054 0.490347 0.540209 0.680909
1305031462.327540 -1.88176 -0.210398 0.538763 -0.0725109 0.485627 0.537962 0.685204
1305031462.359732 -1.89099 -0.200996 0.539326 -0.0787298 0.483239 0.532807 0.690216
1305031462.391695 -1.8941 -0.196598 0.541892 -0.0893054 0.476951 0.531709 0.694138
1305031462.427635 -1.9031 -0.186559 0.550657 -0.0964482 0.473551 0.526996 0.699087
1305031462.459897 -1.91119 -0.181234 0.551294 -0.104769 0.464611 0.524559 0.705689
1305031462.492008 -1.91825 -0.169729 0.549934 -0.112067 0.454689 0.522004 0.712889
1305031462.527670 -1.92847 -0.161625 0.554816 -0.1167 0.449417 0.516877 0.719196
1305031462.559862 -1.92926 -0.161149 0.547332 -0.12443 0.436897 0.515797 0.726355
1305031462.591862 -1.93399 -0.153482 0.530437 -0.126197 0.424737 0.511562 0.736191
1305031462.627851 -1.94047 -0.149007 0.520238 -0.129935 0.418318 0.50301 0.745055
1305031462.659660 -1.95029 -0.144455 0.51652 -0.129682 0.418395 0.494004 0.751058
1305031462.692548 -1.96167 -0.143478 0.51464 -0.130542 0.418504 0.483761 0.757488
1305031462.727652 -1.97289 -0.132363 0.509846 -0.128998 0.413222 0.471726 0.768168
1305031462.759782 -1.98306 -0.120614 0.502299 -0.127479 0.406175 0.461031 0.778603
1305031462.791943 -1.99288 -0.113235 0.494958 -0.128053 0.401977 0.452758 0.785511
1305031462.827816 -2.00337 -0.104349 0.486734 -0.128536 0.397505 0.447142 0.790906
1305031462.859782 -2.00634 -0.0932141 0.475222 -0.131875 0.3914 0.442574 0.795954
1305031462.891847 -2.00773 -0.0816557 0.458193 -0.132018 0.387147 0.439866 0.799504
1305031462.927607 -2.0086 -0.0768104 0.444257 -0.133591 0.384964 0.439423 0.80054
1305031462.959676 -2.00879 -0.0771392 0.444474 -0.133937 0.385122 0.439349 0.800446
1305031462.995550 -2.00646 -0.066008 0.417106 -0.130813 0.376646 0.436418 0.806576
1305031463.027667 -2.00656 -0.0614714 0.399609 -0.126544 0.371407 0.430753 0.812709
1305031463.059810 -2.01215 -0.0548368 0.386377 -0.123028 0.367084 0.422083 0.819731
1305031463.095809 -2.01648 -0.03574 0.371524 -0.117552 0.361775 0.410018 0.828967
1305031463.127550 -2.0094 -0.0295293 0.352389 -0.114948 0.355209 0.403496 0.835347
1305031463.159787 -2.01442 -0.0286258 0.337823 -0.112977 0.35478 0.394634 0.840019
1305031463.195657 -2.02022 -0.0133288 0.31954 -0.109651 0.351349 0.384903 0.846392
1305031463.227784 -2.02188 -0.00264018 0.308749 -0.108588 0.350681 0.379603 0.849195
1305031463.260034 -2.01435 -0.0132656 0.291218 -0.111825 0.349028 0.37885 0.849793
1305031463.295737 -2.02046 -0.00241994 0.274078 -0.106014 0.347693 0.372783 0.853759
1305031463.327739 -2.02295 0.0126746 0.268938 -0.102434 0.347422 0.365586 0.85741
1305031463.359750 -2.01166 0.00851899 0.254743 -0.102674 0.341516 0.364586 0.860176
1305031463.395630 -2.01176 0.0165477 0.237196 -0.0968242 0.336188 0.362256 0.863929
1305031463.427716 -2.0009 0.0332991 0.224166 -0.0942057 0.329796 0.35705 0.868835
1305031463.459756 -1.99786 0.0406713 0.210395 -0.0929854 0.329259 0.355706 0.869722
1305031463.495629 -1.98915 0.0539477 0.200357 -0.0919547 0.329364 0.353641 0.870633
1305031463.527670 -1.97867 0.0674766 0.188185 -0.0887766 0.331516 0.350228 0.871525
1305031463.559751 -1.97444 0.0660846 0.173076 -0.0887883 0.334562 0.350787 0.870134
1305031463.595600 -1.96787 0.0764059 0.160517 -0.0866399 0.331957 0.350548 0.871444
1305031463.627588 -1.96048 0.0806074 0.151063 -0.0850269 0.33228 0.348548 0.872281
1305031463.659766 -1.9561 0.0798392 0.139863 -0.0806961 0.337537 0.342098 0.873227
1305031463.695640 -1.95738 0.0948395 0.121253 -0.070406 0.337413 0.339153 0.875312
1305031463.727588 -1.92867 0.106215 0.0984611 -0.0689532 0.327127 0.338357 0.879629
1305031463.759674 -1.92067 0.0970249 0.0859586 -0.0685729 0.333261 0.331574 0.87994
1305031463.795647 -1.89847 0.10531 0.0571191 -0.0632206 0.3258 0.324694 0.885681
1305031463.827761 -1.87875 0.113993 0.0355038 -0.0615365 0.320339 0.314601 0.891416
1305031463.859910 -1.86362 0.112314 0.017464 -0.0611381 0.320209 0.303189 0.895436
1305031463.895648 -1.86014 0.114553 0.000783918 -0.0563351 0.322979 0.292237 0.898392
1305031463.927664 -1.84001 0.114998 -0.0225958 -0.0559494 0.315405 0.288261 0.902383
1305031463.959680 -1.8378 0.106689 -0.0379146 -0.0553896 0.315729 0.282042 0.904267
1305031463.995821 -1.8238 0.101842 -0.0602829 -0.0531396 0.309694 0.275976 0.908352
1305031464.027703 -1.81434 0.0999641 -0.085695 -0.052155 0.304069 0.267769 0.912755
1305031464.059652 -1.80039 0.0961279 -0.102768 -0.0520832 0.300878 0.26019 0.916003
1305031464.095634 -1.793 0.0885103 -0.117785 -0.050438 0.301896 0.250913 0.918345
1305031464.127681 -1.7862 0.0847617 -0.135264 -0.0480451 0.298862 0.246033 0.920783
1305031464.159817 -1.78369 0.0747729 -0.14956 -0.0436233 0.296105 0.244651 0.922261
1305031464.195585 -1.78873 0.066201 -0.167472 -0.0328195 0.294551 0.243857 0.923415
1305031464.227624 -1.79681 0.0677503 -0.188449 -0.0204745 0.288856 0.241047 0.926304
1305031464.259644 -1.80661 0.0738635 -0.208063 -0.00926696 0.278516 0.240179 0.929869
1305031464.295667 -1.80391 0.0777465 -0.227655 -0.00289895 0.262979 0.237943 0.934995
1305031464.327866 -1.79679 0.0796953 -0.242438 0.000433491 0.250219 0.231433 0.940122
1305031464.359684 -1.78673 0.0765232 -0.258649 0.0042463 0.24124 0.228833 0.943091
1305031464.395611 -1.77792 0.0806951 -0.281124 0.00988916 0.234648 0.221457 0.946467
1305031464.427634 -1.74993 0.0918912 -0.30411 0.0132832 0.224798 0.213852 0.950556
1305031464.459689 -1.7485 0.0823023 -0.311571 0.0127402 0.226045 0.20764 0.951645
1305031464.495633 -1.73602 0.0820502 -0.33122 0.0138793 0.221919 0.200235 0.954183
1305031464.527574 -1.72789 0.0770589 -0.354419 0.0128641 0.222619 0.195477 0.95502
1305031464.559703 -1.72135 0.0784208 -0.369993 0.0107398 0.221456 0.183377 0.957713
1305031464.595698 -1.69119 0.0702321 -0.393167 0.0105324 0.220063 0.174413 0.959709
1305031464.627672 -1.69123 0.0647515 -0.407367 0.016873 0.233043 0.163175 0.95853
1305031464.659749 -1.67946 0.0653384 -0.425452 0.0243863 0.242056 0.151015 0.958128
1305031464.695663 -1.66311 0.0498888 -0.433966 0.0316401 0.251196 0.135144 0.957933
1305031464.727652 -1.67756 0.0338303 -0.450034 0.0420222 0.263047 0.114589 0.957032
1305031464.759740 -1.69198 0.051485 -0.462449 0.0574804 0.265498 0.0931242 0.95788
1305031464.796021 -1.68776 0.0524692 -0.451608 0.0639623 0.260566 0.0733335 0.96054
1305031464.827759 -1.69444 0.0370357 -0.463613 0.0685399 0.252062 0.0593436 0.963455
1305031464.859654 -1.67177 0.0511859 -0.484796 0.0760845 0.230331 0.0447464 0.969101
1305031464.895817 -1.65545 0.0373342 -0.497065 0.0682296 0.21235 0.0246169 0.974498
1305031464.927799 -1.62179 0.0304085 -0.492662 0.064758 0.195727 0.00670905 0.978495
1305031464.959763 -1.5948 0.0323465 -0.488925 0.0691437 0.186161 -0.00877367 0.980044
1305031464.995687 -1.56198 0.0340751 -0.489114 0.073603 0.178895 -0.0268459 0.980744
1305031465.027823 -1.54911 0.0331427 -0.485445 0.0747527 0.177659 -0.047502 0.980098
1305031465.059749 -1.54814 0.036639 -0.485152 0.0773729 0.172852 -0.0675272 0.979579
1305031465.095700 -1.56183 0.0851048 -0.483944 0.0811602 0.168684 -0.080547 0.979015
1305031465.127664 -1.49201 0.0508946 -0.47778 0.0525339 0.139172 -0.0855228 0.985169
1305031465.159842 -1.48894 0.0578361 -0.467901 0.0367244 0.131094 -0.0933434 0.986282
1305031465.195564 -1.43701 0.0217431 -0.452987 0.011189 0.110149 -0.0849672 0.990213
1305031465.227907 -1.39682 0.0574953 -0.435865 0.00891493 0.0924184 -0.0906554 0.991545
1305031465.259807 -1.38038 0.0660934 -0.415042 -0.00100808 0.0827349 -0.0938549 0.992142
1305031465.295623 -1.37823 0.0862434 -0.398188 -0.00159723 0.0775517 -0.0901572 0.992902
1305031465.327674 -1.3702 0.103234 -0.38851 -0.00489009 0.0678154 -0.0793504 0.994525
1305031465.359948 -1.36396 0.104637 -0.375365 -0.00963745 0.0559811 -0.0687608 0.996015
1305031465.395586 -1.34675 0.10955 -0.365781 -0.00899642 0.0401813 -0.060262 0.997333
1305031465.427697 -1.32263 0.130852 -0.366499 -0.000843278 0.0265043 -0.0492399 0.998435
1305031465.460125 -1.30258 0.155389 -0.367181 0.00768992 0.0165535 -0.037059 0.999146
1305031465.495703 -1.2653 0.170327 -0.373377 0.00751867 0.000295201 -0.0253276 0.999651
1305031465.527622 -1.25216 0.181229 -0.367082 0.00816505 -0.00673337 -0.0217327 0.999708
1305031465.559812 -1.24618 0.188807 -0.371532 0.0131137 -0.00935005 -0.0195792 0.999679
1305031465.595599 -1.21826 0.202648 -0.37355 0.0189326 -0.0171113 -0.0109318 0.999615
1305031465.627688 -1.19897 0.220386 -0.380852 0.0254205 -0.0220906 -0.00172654 0.999431
1305031465.660060 -1.18156 0.231309 -0.385689 0.0290389 -0.0314767 0.0064487 0.999062
1305031465.695668 -1.15681 0.246325 -0.394305 0.035113 -0.0396241 0.0124657 0.99852
1305031465.727682 -1.13666 0.270863 -0.396136 0.0457478 -0.0431936 0.0224951 0.997765
1305031465.759766 -1.11663 0.293322 -0.402796 0.0544071 -0.047865 0.0318596 0.996862
1305031465.795937 -1.09013 0.312762 -0.40891 0.0606162 -0.0532774 0.0378541 0.996019
1305031465.827996 -1.07978 0.336663 -0.413253 0.0724421 -0.0530223 0.0405003 0.995138
1305031465.859861 -1.04409 0.355919 -0.422945 0.0814929 -0.0603476 0.0457229 0.993794
1305031465.895494 -0.999804 0.367899 -0.436886 0.079658 -0.0645777 0.0535882 0.993284
1305031465.927495 -0.982168 0.393279 -0.42207 0.0889442 -0.0585465 0.0535116 0.992873
1305031465.959710 -0.966279 0.41908 -0.426324 0.100953 -0.0510377 0.0543579 0.992093
1305031465.995753 -0.929879 0.444498 -0.421364 0.109745 -0.0543096 0.0495019 0.99124
1305031466.027644 -0.932294 0.471058 -0.437957 0.116903 -0.045484 0.0482886 0.990925
1305031466.059757 -0.927245 0.4907 -0.461912 0.114822 -0.0399049 0.0461194 0.991512
1305031466.095840 -0.915707 0.50855 -0.471322 0.110832 -0.0411103 0.0470907 0.991871
1305031466.127640 -0.881116 0.529983 -0.469714 0.107804 -0.0535977 0.0467648 0.991624
1305031466.160428 -0.870707 0.548071 -0.474629 0.10424 -0.0587064 0.0484656 0.991634
1305031466.195833 -0.857922 0.565375 -0.482603 0.0984246 -0.0677599 0.0507279 0.991538
1305031466.227951 -0.835896 0.569407 -0.490318 0.0859721 -0.0797434 0.0479234 0.991944
1305031466.259815 -0.815428 0.571407 -0.489162 0.0814062 -0.0848666 0.0438082 0.992095
1305031466.295737 -0.792772 0.593607 -0.504604 0.0871835 -0.0837706 0.032586 0.992129
1305031466.327702 -0.782028 0.613289 -0.51754 0.0928128 -0.0730882 0.0191891 0.992812
1305031466.359829 -0.772782 0.620293 -0.531369 0.0868844 -0.0637363 0.0144949 0.994072
1305031466.395784 -0.765704 0.618204 -0.534941 0.08515 -0.0589277 0.00930695 0.994581
1305031466.427819 -0.739055 0.639053 -0.548612 0.0958432 -0.0672478 0.00487386 0.99311
1305031466.459790 -0.731937 0.643397 -0.550906 0.0936251 -0.0702285 0.00249658 0.993124
1305031466.495809 -0.713621 0.643051 -0.571122 0.0857191 -0.0732286 0.00284747 0.99362
1305031466.527538 -0.695598 0.650248 -0.582689 0.0840843 -0.0709015 0.00161005 0.993932
1305031466.560353 -0.681693 0.660239 -0.594639 0.0824816 -0.0663818 0.0013118 0.994378
1305031466.595936 -0.664637 0.662232 -0.602406 0.0720558 -0.065933 -0.00114952 0.995218
1305031466.627549 -0.643315 0.66982 -0.591426 0.069718 -0.0653147 -0.00778958 0.995396
1305031466.659688 -0.616572 0.664372 -0.593747 0.0708718 -0.0665955 -0.0101247 0.995208
1305031466.695822 -0.599897 0.679449 -0.606396 0.0733919 -0.066981 -0.0158451 0.994925
1305031466.728074 -0.58775 0.679349 -0.610891 0.066091 -0.0666197 -0.0279003 0.995196
1305031466.759637 -0.568873 0.677155 -0.595933 0.0682651 -0.0683607 -0.0377042 0.994608
1305031466.795604 -0.556107 0.690673 -0.6085 0.0766582 -0.0675746 -0.043958 0.993793
1305031466.827879 -0.537832 0.697939 -0.612917 0.0747931 -0.0730724 -0.0469517 0.993409
1305031466.859665 -0.539819 0.699358 -0.623063 0.0726706 -0.0711707 -0.0468168 0.993711
1305031466.895694 -0.528952 0.703651 -0.622586 0.0768081 -0.0808377 -0.0492601 0.992542
1305031466.927756 -0.512851 0.711654 -0.630294 0.0795272 -0.0942352 -0.0522313 0.990993
1305031466.959728 -0.481159 0.708723 -0.633012 0.0786708 -0.110468 -0.0524828 0.98937
1305031466.995712 -0.451775 0.705191 -0.635674 0.0772234 -0.120899 -0.0531106 0.98823
1305031467.027843 -0.434915 0.711935 -0.634591 0.0802412 -0.125775 -0.0574638 0.987137
1305031467.059700 -0.414334 0.713004 -0.642582 0.0800243 -0.129764 -0.0612613 0.98641
1305031467.095687 -0.395291 0.713252 -0.643346 0.0773682 -0.133241 -0.0643636 0.985961
1305031467.128974 -0.385456 0.713805 -0.639654 0.0786391 -0.135259 -0.0765192 0.984716
1305031467.159660 -0.374896 0.717938 -0.647052 0.0810637 -0.136605 -0.0837724 0.983743
1305031467.195663 -0.367744 0.724234 -0.652312 0.0841816 -0.138292 -0.0895246 0.982738
1305031467.227704 -0.354136 0.725446 -0.648097 0.0855584 -0.145663 -0.0957169 0.980969
1305031467.259694 -0.337309 0.72624 -0.653072 0.0871539 -0.15198 -0.100269 0.979414
1305031467.295846 -0.320925 0.72834 -0.651428 0.0900027 -0.158886 -0.105816 0.977475
1305031467.328008 -0.308977 0.733997 -0.656969 0.0926309 -0.163276 -0.111098 0.975919
1305031467.359654 -0.29488 0.734934 -0.66567 0.0891779 -0.169047 -0.112696 0.975074
1305031467.395756 -0.277993 0.734263 -0.66057 0.0838068 -0.178361 -0.116381 0.973457
1305031467.427783 -0.266879 0.736008 -0.665194 0.0826655 -0.182883 -0.120298 0.972239
1305031467.459692 -0.255735 0.742351 -0.670132 0.0847881 -0.187675 -0.123765 0.970707
1305031467.496058 -0.235033 0.741397 -0.674625 0.0801501 -0.196686 -0.129401 0.968579
1305031467.527663 -0.215079 0.739627 -0.670732 0.0755284 -0.202837 -0.135097 0.966903
1305031467.559763 -0.200717 0.734092 -0.67041 0.0739195 -0.204912 -0.137475 0.966254
1305031467.595989 -0.194682 0.742223 -0.680713 0.0762814 -0.202393 -0.137631 0.966579
1305031467.627532 -0.185928 0.736021 -0.673957 0.0761651 -0.206965 -0.134569 0.966052
1305031467.659626 -0.169404 0.727928 -0.670278 0.0805377 -0.214724 -0.130629 0.964543
1305031467.695886 -0.154776 0.728467 -0.670907 0.0852102 -0.218732 -0.13338 0.962863
1305031467.727535 -0.137756 0.715578 -0.665128 0.0864569 -0.223634 -0.13777 0.961006
1305031467.759907 -0.136265 0.709762 -0.665374 0.0920162 -0.222478 -0.141261 0.960251
1305031467.796075 -0.118949 0.702263 -0.65643 0.0954285 -0.22832 -0.143123 0.958269
1305031467.827800 -0.111988 0.693301 -0.648219 0.099243 -0.230853 -0.144353 0.957089
1305031467.859729 -0.114788 0.691481 -0.64021 0.107517 -0.231661 -0.141402 0.956441
1305031467.895947 -0.104175 0.681516 -0.633485 0.110993 -0.23974 -0.141537 0.95403
1305031467.927754 -0.08877 0.66912 -0.603092 0.113898 -0.252879 -0.143567 0.949983
1305031467.959826 -0.0887698 0.66243 -0.591449 0.120641 -0.255644 -0.144266 0.948303
1305031467.995754 -0.0640184 0.639871 -0.58291 0.118332 -0.263928 -0.147903 0.945761
1305031468.028107 -0.0553564 0.640357 -0.540214 0.121606 -0.271954 -0.145725 0.943407
1305031468.059850 -0.0634608 0.632838 -0.524048 0.12802 -0.27115 -0.149078 0.942266
1305031468.095867 -0.0484554 0.621381 -0.501649 0.130169 -0.279156 -0.150175 0.939455
1305031468.127816 -0.0332902 0.607492 -0.480908 0.12908 -0.2836 -0.15037 0.938242
1305031468.159864 -0.0238591 0.59236 -0.462585 0.131193 -0.287393 -0.154821 0.936068
1305031468.195985 -0.0129444 0.575729 -0.449155 0.130001 -0.289826 -0.159666 0.93467
1305031468.228158 -0.0124387 0.540841 -0.43934 0.122546 -0.289042 -0.164644 0.935056
1305031468.259754 -0.00760387 0.528127 -0.433023 0.122005 -0.285993 -0.163222 0.936313
1305031468.295830 -0.000939873 0.51416 -0.418378 0.120831 -0.284847 -0.161969 0.937032
1305031468.327847 -0.00372082 0.498076 -0.407682 0.122198 -0.28119 -0.161393 0.938058
1305031468.359787 -0.00241792 0.481033 -0.408308 0.123061 -0.276238 -0.157891 0.94001
1305031468.395860 0.0203056 0.467692 -0.390643 0.121256 -0.282291 -0.155551 0.938836
1305031468.428025 0.018719 0.451898 -0.38341 0.116179 -0.28049 -0.153103 0.940419
1305031468.459759 0.0238477 0.434178 -0.37995 0.114285 -0.280407 -0.151433 0.940946
1305031468.495809 0.0351012 0.414358 -0.368663 0.110518 -0.282926 -0.15112 0.940692
1305031468.527756 0.0327257 0.391586 -0.367447 0.107955 -0.280186 -0.155506 0.941095
1305031468.559739 0.0239084 0.37776 -0.368511 0.115201 -0.277309 -0.164722 0.939518
1305031468.595768 0.0266667 0.364926 -0.362917 0.117505 -0.279341 -0.169034 0.937864
1305031468.627626 0.0259971 0.346048 -0.353382 0.11022 -0.282793 -0.170272 0.93749
1305031468.659579 0.00908239 0.33639 -0.359048 0.110027 -0.281135 -0.169666 0.938121
1305031468.695835 0.00213342 0.313909 -0.364764 0.112753 -0.285032 -0.176624 0.935333
1305031468.727785 0.00382923 0.301137 -0.360744 0.116541 -0.292158 -0.176512 0.932687
1305031468.759628 0.00517171 0.279576 -0.352698 0.114637 -0.299168 -0.175935 0.930808
1305031468.795796 0.00353616 0.257621 -0.352913 0.115663 -0.301889 -0.179408 0.929138
1305031468.829247 -0.000274949 0.24406 -0.355429 0.124264 -0.302951 -0.187617 0.926056
1305031468.859659 0.00647937 0.230882 -0.346889 0.126088 -0.306084 -0.191447 0.923993
1305031468.895873 0.00656123 0.218181 -0.335531 0.122747 -0.303671 -0.191579 0.92521
1305031468.928141 -0.00436394 0.211055 -0.340679 0.119702 -0.294976 -0.190953 0.928546
1305031468.959594 -0.0032113 0.205542 -0.334775 0.112553 -0.291515 -0.185824 0.931569
1305031468.995711 0.0288999 0.175345 -0.312652 0.0919553 -0.303849 -0.190337 0.928973
1305031469.027699 0.0306596 0.196863 -0.307455 0.0870396 -0.30068 -0.194198 0.929679
1305031469.059832 0.00690125 0.181854 -0.317515 0.0718447 -0.292448 -0.204765 0.931334
1305031469.095723 0.000842574 0.178167 -0.305312 0.0613579 -0.291445 -0.213127 0.930522
1305031469.127679 -0.00149139 0.16211 -0.292075 0.0472554 -0.287006 -0.223985 0.930175
1305031469.159703 -0.0173574 0.161245 -0.287837 0.0408253 -0.274929 -0.234655 0.931496
1305031469.195540 -0.0236427 0.144938 -0.280982 0.0300497 -0.265998 -0.241914 0.932641
1305031469.227754 -0.0393658 0.13828 -0.28275 0.0229351 -0.255832 -0.244834 0.934923
1305031469.259586 -0.044913 0.139854 -0.277835 0.018965 -0.251519 -0.246903 0.935637
1305031469.296754 -0.0522369 0.142258 -0.270634 0.0148983 -0.245223 -0.247964 0.9371
1305031469.327618 -0.0562505 0.142251 -0.263522 0.00901223 -0.241739 -0.248706 0.937884
1305031469.359592 -0.0572432 0.14839 -0.249937 0.00547386 -0.237526 -0.253474 0.937711
1305031469.395695 -0.0653335 0.143459 -0.240457 0.00283546 -0.225398 -0.261391 0.938543
1305031469.427651 -0.0697559 0.143734 -0.23424 0.00198191 -0.21265 -0.266714 0.940021
1305031469.459668 -0.0777902 0.148101 -0.223827 0.00162491 -0.20204 -0.274408 0.940148
1305031469.495744 -0.093842 0.151492 -0.219099 -0.000746368 -0.19229 -0.278789 0.940904
1305031469.527622 -0.101518 0.15981 -0.20903 -0.00453367 -0.190537 -0.278339 0.941383
1305031469.559645 -0.107782 0.175418 -0.187776 -0.00771723 -0.19167 -0.278297 0.941145
1305031469.595755 -0.107062 0.179676 -0.175754 -0.0168566 -0.193169 -0.276874 0.941139
1305031469.627752 -0.112883 0.188348 -0.160246 -0.0260491 -0.191393 -0.276316 0.941456
1305031469.659590 -0.119225 0.193842 -0.148081 -0.0331961 -0.18709 -0.27735 0.941792
1305031469.695613 -0.124761 0.199101 -0.138116 -0.0397305 -0.182733 -0.277069 0.942477
1305031469.727679 -0.131497 0.209305 -0.121526 -0.0457199 -0.178476 -0.275639 0.94344
1305031469.759599 -0.139147 0.221519 -0.106946 -0.051658 -0.173862 -0.273138 0.944722
1305031469.795621 -0.150475 0.235153 -0.0973374 -0.0581133 -0.169656 -0.271879 0.945474
1305031469.827526 -0.155544 0.243311 -0.0863974 -0.0659763 -0.172284 -0.268932 0.945326
1305031469.859574 -0.166795 0.252715 -0.0739548 -0.0749787 -0.173346 -0.268229 0.94466
1305031469.895755 -0.172708 0.263577 -0.0642037 -0.0812159 -0.176054 -0.266271 0.944197
1305031469.927854 -0.180086 0.276349 -0.0559154 -0.086689 -0.178778 -0.261832 0.94444
1305031469.959805 -0.188281 0.291811 -0.052272 -0.0878215 -0.181308 -0.258929 0.944654
1305031469.995551 -0.200654 0.303523 -0.0453117 -0.0916889 -0.183111 -0.257233 0.944402
1305031470.027694 -0.211929 0.317736 -0.044544 -0.0939989 -0.183778 -0.255831 0.944426
1305031470.059638 -0.221784 0.330447 -0.0400115 -0.0964288 -0.185936 -0.255818 0.943762
1305031470.095944 -0.23141 0.347188 -0.0382709 -0.0966977 -0.186208 -0.251149 0.944934
1305031470.127633 -0.244706 0.358716 -0.0402316 -0.101705 -0.184287 -0.249942 0.945105
1305031470.159626 -0.257225 0.374631 -0.0418202 -0.104303 -0.183572 -0.245313 0.946173
1305031470.196092 -0.268728 0.388442 -0.0474455 -0.10542 -0.183144 -0.240319 0.947413
1305031470.227618 -0.278665 0.394593 -0.0469751 -0.112689 -0.185336 -0.237518 0.946856
1305031470.259965 -0.290269 0.405234 -0.0499172 -0.116991 -0.184441 -0.235792 0.946941
1305031470.295718 -0.302854 0.413411 -0.0522758 -0.125496 -0.183112 -0.232792 0.946852
1305031470.327644 -0.31655 0.422722 -0.05374 -0.133598 -0.181815 -0.22989 0.946702
1305031470.359624 -0.332778 0.433005 -0.0623549 -0.138657 -0.177646 -0.227079 0.947445
1305031470.395823 -0.347129 0.442796 -0.0694771 -0.142302 -0.175771 -0.224515 0.947865
1305031470.427641 -0.357159 0.451905 -0.0719716 -0.143256 -0.178794 -0.224261 0.947216
1305031470.459721 -0.371326 0.458255 -0.077261 -0.144039 -0.178283 -0.225411 0.94692
1305031470.495686 -0.383342 0.468322 -0.0822954 -0.141341 -0.178888 -0.223199 0.947736
1305031470.527689 -0.39271 0.477776 -0.0855846 -0.138973 -0.180767 -0.222084 0.947992
1305031470.559677 -0.402957 0.48442 -0.0872696 -0.140181 -0.180896 -0.221163 0.948005
1305031470.595760 -0.413331 0.492251 -0.0890383 -0.139489 -0.180523 -0.218251 0.948852
1305031470.627729 -0.425017 0.496412 -0.0926399 -0.143651 -0.178423 -0.214303 0.949528
1305031470.659690 -0.435044 0.504094 -0.0950528 -0.143788 -0.177239 -0.209473 0.950806
1305031470.695630 -0.443363 0.508515 -0.0946908 -0.147574 -0.179597 -0.205218 0.950712
1305031470.727654 -0.455328 0.515416 -0.0965197 -0.145469 -0.17798 -0.203311 0.951749
1305031470.759682 -0.460983 0.517798 -0.0994061 -0.146424 -0.176481 -0.199414 0.952706
1305031470.795615 -0.469836 0.522296 -0.0974728 -0.148875 -0.172424 -0.195155 0.95395
1305031470.827831 -0.481836 0.529788 -0.0995145 -0.144001 -0.168722 -0.187763 0.956839
1305031470.859645 -0.496183 0.527531 -0.104719 -0.143261 -0.164279 -0.184658 0.958327
1305031470.895722 -0.504252 0.529335 -0.108436 -0.139278 -0.164911 -0.180097 0.959672
1305031470.927684 -0.51656 0.532692 -0.111305 -0.134315 -0.163971 -0.174092 0.961647
1305031470.959647 -0.527527 0.523435 -0.11474 -0.132737 -0.16574 -0.171349 0.962056
1305031470.995996 -0.533764 0.524451 -0.117264 -0.123496 -0.16724 -0.169345 0.96338
1305031471.027644 -0.540415 0.523035 -0.121553 -0.115228 -0.165753 -0.166909 0.965085
1305031471.059636 -0.550342 0.520863 -0.127386 -0.10697 -0.160767 -0.163189 0.967513
1305031471.095777 -0.560852 0.517911 -0.130753 -0.102278 -0.157382 -0.156393 0.969697
1305031471.127663 -0.569151 0.515887 -0.134324 -0.0977508 -0.156229 -0.149589 0.971422
1305031471.159649 -0.573388 0.51699 -0.138337 -0.090782 -0.156222 -0.143103 0.973075
1305031471.195703 -0.572403 0.515893 -0.136644 -0.0888744 -0.158632 -0.136459 0.973815
1305031471.227569 -0.576216 0.512873 -0.136209 -0.0911405 -0.1576 -0.130803 0.974549
1305031471.259722 -0.581588 0.511065 -0.137344 -0.0922842 -0.156186 -0.127382 0.975122
1305031471.296068 -0.592327 0.511628 -0.141568 -0.0904181 -0.149565 -0.123998 0.97677
1305031471.327642 -0.600382 0.512802 -0.145568 -0.0855686 -0.141861 -0.121643 0.97865
1305031471.359615 -0.594487 0.515093 -0.136783 -0.0847273 -0.139713 -0.120603 0.979161
1305031471.395730 -0.608223 0.516165 -0.140475 -0.0820841 -0.12578 -0.117531 0.981645
1305031471.427704 -0.616673 0.522144 -0.144737 -0.0751227 -0.118965 -0.113403 0.983536
1305031471.459647 -0.621525 0.522204 -0.142828 -0.0750921 -0.119394 -0.109119 0.983971
1305031471.496491 -0.625405 0.517973 -0.145527 -0.0793147 -0.11882 -0.104121 0.984251
1305031471.527624 -0.630052 0.518517 -0.146625 -0.0785771 -0.118017 -0.100662 0.984766
1305031471.559671 -0.630423 0.514863 -0.149502 -0.0813801 -0.118105 -0.098317 0.984765
1305031471.595702 -0.632333 0.513748 -0.152426 -0.081988 -0.114237 -0.0966914 0.985332
1305031471.627621 -0.6347 0.5134 -0.152542 -0.0821972 -0.112796 -0.0970764 0.985442
1305031471.659642 -0.643448 0.51446 -0.161004 -0.0789387 -0.0997553 -0.0937183 0.987438
1305031471.695609 -0.645186 0.513793 -0.164941 -0.0779788 -0.0957321 -0.0879357 0.988444
1305031471.727501 -0.642145 0.511858 -0.166463 -0.0811168 -0.0954908 -0.0833064 0.988616
1305031471.759702 -0.646868 0.512734 -0.167318 -0.0816946 -0.0886898 -0.0774653 0.989676
1305031471.795801 -0.647292 0.512681 -0.17212 -0.0818519 -0.0824955 -0.0697182 0.990775
1305031471.827639 -0.647369 0.513372 -0.170547 -0.0865914 -0.0793264 -0.0617134 0.991161
1305031471.859665 -0.653192 0.516762 -0.17069 -0.0888337 -0.0729379 -0.0567367 0.991751
1305031471.895604 -0.652253 0.51643 -0.172239 -0.0938194 -0.0709736 -0.049933 0.9918
1305031471.927651 -0.650165 0.519094 -0.170367 -0.0988577 -0.0692998 -0.0457196 0.991632
1305031471.959643 -0.658645 0.526031 -0.169282 -0.0956002 -0.0582075 -0.046889 0.99261
1305031471.995573 -0.664337 0.527934 -0.174516 -0.0965256 -0.0483871 -0.0419508 0.993268
1305031472.027638 -0.661621 0.522138 -0.170201 -0.109957 -0.0477406 -0.0376378 0.992075
1305031472.059668 -0.676431 0.533401 -0.170082 -0.104458 -0.0347896 -0.0379836 0.993195
1305031472.095601 -0.676974 0.532846 -0.170655 -0.104992 -0.0343984 -0.038134 0.993146
1305031472.127594 -0.681152 0.52836 -0.172008 -0.11721 -0.0293868 -0.028155 0.992273
1305031472.159645 -0.681278 0.531062 -0.171949 -0.115056 -0.0291128 -0.0280255 0.992537
1305031472.195682 -0.705472 0.555274 -0.168561 -0.0969652 -0.013507 -0.0267072 0.994838
1305031472.227626 -0.704532 0.544488 -0.169314 -0.103618 -0.0150194 -0.0214586 0.994272
1305031472.263840 -0.709759 0.546997 -0.167797 -0.0990878 -0.011149 -0.020486 0.994805
1305031472.295671 -0.715577 0.550919 -0.171715 -0.0887563 -0.00590482 -0.0206107 0.995823
1305031472.327678 -0.718756 0.55431 -0.174348 -0.0817383 -0.00305387 -0.0191496 0.996465
1305031472.363577 -0.722209 0.552784 -0.174358 -0.0825615 -0.00155344 -0.0176739 0.996428
1305031472.395599 -0.720048 0.549477 -0.172974 -0.0841354 -0.00548175 -0.0147897 0.996329
1305031472.427686 -0.722252 0.550053 -0.174309 -0.0803935 -0.00702384 -0.0149443 0.996626
1305031472.463603 -0.723582 0.549452 -0.175289 -0.0778637 -0.00711639 -0.0173611 0.996787
1305031472.495626 -0.711467 0.537619 -0.174942 -0.0856621 -0.0144489 -0.0154176 0.9961
1305031472.527625 -0.715091 0.535505 -0.174255 -0.0846588 -0.00971914 -0.0148138 0.996252
1305031472.563587 -0.719743 0.538038 -0.175178 -0.075677 -0.00631798 -0.0132221 0.997025
1305031472.595675 -0.72018 0.537392 -0.177743 -0.0710498 -0.00631629 -0.0120517 0.99738
1305031472.627701 -0.718544 0.5349 -0.176529 -0.0713851 -0.00741841 -0.00953233 0.997376
1305031472.663575 -0.714876 0.531515 -0.175245 -0.0712424 -0.00962912 -0.00806265 0.99738
1305031472.695755 -0.711908 0.527024 -0.175169 -0.0710169 -0.0116004 -0.00649043 0.997387
1305031472.727628 -0.710362 0.524047 -0.176028 -0.0686799 -0.0125191 -0.00607058 0.997542
1305031472.763578 -0.705712 0.521747 -0.174286 -0.0670799 -0.0148501 -0.00773508 0.997607
1305031472.795640 -0.705147 0.517862 -0.174149 -0.0664229 -0.0136958 -0.00948558 0.997652
1305031472.827627 -0.705554 0.51652 -0.172922 -0.0635942 -0.012172 -0.00988517 0.997853
1305031472.863598 -0.705261 0.515272 -0.172377 -0.061629 -0.0122434 -0.00825468 0.99799
1305031472.895713 -0.702107 0.51245 -0.170668 -0.063459 -0.0154858 -0.00507464 0.997851
1305031472.927685 -0.702756 0.510919 -0.171318 -0.0644233 -0.0150945 -0.0043501 0.997799
1305031472.963756 -0.701679 0.509398 -0.169636 -0.0640139 -0.0158147 -0.00192986 0.997822
1305031472.995704 -0.69677 0.508732 -0.16387 -0.0656068 -0.0201364 0.00164433 0.997641
1305031473.027638 -0.699812 0.50588 -0.167312 -0.0672859 -0.0191702 0.000502945 0.997549
1305031473.063684 -0.69788 0.505323 -0.163945 -0.0681788 -0.0210146 -0.000454354 0.997452
1305031473.095695 -0.695561 0.503658 -0.165357 -0.0691793 -0.0229392 -0.000760062 0.99734
1305031473.127744 -0.695811 0.50421 -0.163588 -0.0677626 -0.0209086 -0.00429412 0.997473
1305031473.167060 -0.698416 0.503129 -0.164295 -0.0670129 -0.0198743 -0.00509935 0.997541
1305031473.196069 -0.697245 0.502098 -0.164648 -0.0663033 -0.0213566 -0.00536904 0.997556
1305031473.196069 -0.69739 0.502101 -0.164545 -0.0662556 -0.0212993 -0.0055078 0.99756
